>TWCCHWATWDGGAAA	AGL16(MADS)/col-AGL16-DAP-Seq(GSE60143)/Homer	9.002679	-1153.470833	0	T:324.0(46.89%),B:320.2(0.66%),P:1e-500
0.087	0.043	0.043	0.827
0.290	0.138	0.138	0.435
0.050	0.935	0.001	0.014
0.007	0.775	0.001	0.217
0.283	0.312	0.109	0.297
0.391	0.152	0.159	0.297
0.609	0.014	0.007	0.370
0.376	0.001	0.014	0.609
0.304	0.123	0.123	0.449
0.355	0.101	0.319	0.225
0.202	0.001	0.796	0.001
0.007	0.001	0.920	0.072
0.471	0.138	0.080	0.312
0.848	0.036	0.007	0.109
0.609	0.051	0.123	0.217
