>TTTCCATWTWTGGAA	AGL25(MADS)/colamp-AGL25-DAP-Seq(GSE60143)/Homer	10.178309	-997.393587	0	T:280.0(61.14%),B:439.8(0.97%),P:1e-433
0.100	0.092	0.025	0.783
0.025	0.017	0.112	0.846
0.092	0.008	0.050	0.850
0.001	0.997	0.001	0.001
0.008	0.678	0.001	0.313
0.489	0.151	0.059	0.301
0.360	0.059	0.059	0.522
0.477	0.008	0.008	0.507
0.409	0.001	0.001	0.589
0.461	0.059	0.034	0.447
0.235	0.084	0.142	0.539
0.259	0.001	0.707	0.033
0.001	0.008	0.941	0.050
0.748	0.084	0.042	0.126
0.833	0.075	0.008	0.084
