>KCACRAWTYYCGAGG	AIL7(AP2EREBP)/colamp-AIL7-DAP-Seq(GSE60143)/Homer	6.952847	-4906.015564	0	T:1913.0(68.57%),B:1418.5(3.16%),P:1e-2130
0.234	0.057	0.404	0.305
0.063	0.709	0.003	0.225
0.454	0.133	0.226	0.188
0.066	0.880	0.011	0.043
0.358	0.051	0.475	0.116
0.444	0.143	0.215	0.197
0.460	0.082	0.063	0.395
0.186	0.087	0.051	0.676
0.182	0.432	0.007	0.379
0.044	0.539	0.001	0.416
0.001	0.997	0.001	0.001
0.309	0.073	0.522	0.096
0.997	0.001	0.001	0.001
0.088	0.034	0.631	0.247
0.398	0.001	0.587	0.014
