>AACTTGNWNWNCAAG	ANAC103(NAC)/col-ANAC103-DAP-Seq(GSE60143)/Homer	7.462782	-12125.799550	0	T:4500.0(82.37%),B:1654.9(3.88%),P:1e-5266
0.454	0.064	0.286	0.197
0.470	0.132	0.277	0.122
0.150	0.834	0.005	0.011
0.001	0.002	0.330	0.667
0.001	0.001	0.001	0.997
0.133	0.155	0.579	0.133
0.209	0.224	0.267	0.299
0.270	0.159	0.207	0.365
0.237	0.252	0.272	0.240
0.375	0.214	0.155	0.256
0.259	0.269	0.224	0.247
0.141	0.568	0.150	0.141
0.997	0.001	0.001	0.001
0.702	0.288	0.009	0.001
0.026	0.003	0.818	0.153
