>WNCTTGNNNNNCAAG	ANAC050(NAC)/colamp-ANAC050-DAP-Seq(GSE60143)/Homer	7.035950	-20972.041309	0	T:8846.0(79.22%),B:1845.8(4.97%),P:1e-9107
0.323	0.040	0.200	0.437
0.348	0.221	0.229	0.201
0.025	0.942	0.001	0.032
0.001	0.008	0.346	0.645
0.001	0.001	0.001	0.997
0.177	0.154	0.562	0.107
0.258	0.218	0.205	0.319
0.272	0.205	0.262	0.261
0.273	0.232	0.239	0.256
0.279	0.254	0.205	0.263
0.323	0.206	0.223	0.248
0.106	0.538	0.163	0.193
0.997	0.001	0.001	0.001
0.631	0.354	0.013	0.002
0.043	0.001	0.901	0.055
