>WRCTTGNNNNNCAAG	ANAC028(NAC)/col-ANAC028-DAP-Seq(GSE60143)/Homer	7.006259	-12141.699962	0	T:6103.0(74.78%),B:2614.5(6.58%),P:1e-5273
0.320	0.028	0.246	0.406
0.346	0.189	0.278	0.187
0.017	0.948	0.001	0.034
0.001	0.009	0.376	0.614
0.001	0.001	0.001	0.997
0.208	0.199	0.439	0.154
0.302	0.201	0.199	0.299
0.276	0.211	0.229	0.284
0.277	0.232	0.233	0.258
0.300	0.211	0.223	0.266
0.315	0.189	0.192	0.303
0.157	0.434	0.215	0.194
0.997	0.001	0.001	0.001
0.660	0.330	0.006	0.004
0.063	0.001	0.877	0.059
