>CKTRWNNNWYAMGTA	ANAC083(NAC)/col-ANAC083-DAP-Seq(GSE60143)/Homer	6.389784	-11232.468760	0	T:7290.0(61.38%),B:2591.2(7.60%),P:1e-4878
0.114	0.834	0.008	0.044
0.007	0.013	0.523	0.457
0.001	0.001	0.001	0.997
0.303	0.150	0.433	0.113
0.289	0.171	0.124	0.416
0.324	0.184	0.213	0.279
0.261	0.216	0.225	0.299
0.275	0.208	0.190	0.327
0.410	0.122	0.175	0.293
0.116	0.402	0.159	0.324
0.997	0.001	0.001	0.001
0.467	0.525	0.005	0.003
0.031	0.002	0.896	0.071
0.177	0.243	0.168	0.412
0.541	0.157	0.008	0.294
