>DVCKTGNNNNNCAMG	ANAC057(NAC)/colamp-ANAC057-DAP-Seq(GSE60143)/Homer	6.583196	-11483.993448	0	T:4909.0(89.86%),B:2854.8(6.75%),P:1e-4987
0.267	0.091	0.256	0.386
0.277	0.218	0.340	0.165
0.136	0.846	0.002	0.016
0.001	0.001	0.447	0.551
0.001	0.001	0.001	0.997
0.233	0.134	0.500	0.133
0.270	0.197	0.209	0.323
0.278	0.213	0.244	0.264
0.265	0.251	0.239	0.245
0.293	0.232	0.204	0.271
0.318	0.185	0.207	0.290
0.126	0.480	0.170	0.224
0.997	0.001	0.001	0.001
0.552	0.446	0.001	0.001
0.027	0.007	0.813	0.153
