>CCGGAAAWTCMGGAR	ASL18(LOBAS2)/colamp-ASL18-DAP-Seq(GSE60143)/Homer	5.604998	-4568.180119	0	T:4023.0(70.53%),B:5610.4(14.54%),P:1e-1983
0.048	0.618	0.293	0.041
0.082	0.894	0.005	0.019
0.219	0.047	0.516	0.218
0.101	0.172	0.565	0.162
0.744	0.004	0.153	0.099
0.538	0.013	0.189	0.260
0.480	0.102	0.099	0.318
0.396	0.112	0.015	0.477
0.141	0.178	0.187	0.495
0.265	0.417	0.230	0.088
0.282	0.410	0.100	0.207
0.001	0.001	0.963	0.035
0.046	0.253	0.678	0.023
0.551	0.254	0.060	0.135
0.335	0.090	0.393	0.182
