>KTDGTTGGTDGTTGG	AT1G24250(Orphan)/col-AT1G24250-DAP-Seq(GSE60143)/Homer	7.788263	-1800.194561	0	T:1001.0(44.83%),B:1638.1(3.76%),P:1e-781
0.179	0.043	0.450	0.327
0.087	0.095	0.075	0.743
0.336	0.023	0.355	0.285
0.033	0.001	0.913	0.053
0.028	0.001	0.225	0.746
0.030	0.001	0.007	0.962
0.250	0.001	0.701	0.048
0.049	0.003	0.784	0.164
0.133	0.049	0.056	0.762
0.409	0.020	0.282	0.289
0.023	0.001	0.974	0.002
0.059	0.003	0.245	0.693
0.056	0.001	0.007	0.936
0.291	0.001	0.578	0.130
0.225	0.077	0.467	0.232
