>TTTAAGGGCAYTTTT	AT2G33550(Trihelix)/colamp-AT2G33550-DAP-Seq(GSE60143)/Homer	4.387365	-4487.716455	0	T:5938.0(68.66%),B:7266.2(21.18%),P:1e-1948
0.299	0.100	0.050	0.551
0.183	0.062	0.050	0.705
0.130	0.024	0.100	0.746
0.679	0.001	0.009	0.311
0.963	0.001	0.035	0.001
0.077	0.001	0.921	0.001
0.001	0.001	0.997	0.001
0.176	0.005	0.767	0.052
0.064	0.666	0.009	0.261
0.876	0.040	0.001	0.083
0.204	0.328	0.076	0.392
0.150	0.131	0.028	0.691
0.145	0.057	0.038	0.760
0.181	0.109	0.045	0.665
0.190	0.197	0.074	0.539
