>HCACCGACAHHDHHN	AT3G16280(AP2EREBP)/colamp-AT3G16280-DAP-Seq(GSE60143)/Homer	6.642619	-32224.460433	0	T:12143.0(91.22%),B:1734.0(5.11%),P:1e-13994
0.219	0.298	0.163	0.320
0.237	0.431	0.143	0.189
0.678	0.001	0.319	0.002
0.002	0.995	0.001	0.002
0.001	0.997	0.001	0.001
0.012	0.001	0.986	0.001
0.929	0.017	0.004	0.050
0.002	0.996	0.001	0.001
0.671	0.034	0.224	0.071
0.356	0.221	0.147	0.276
0.295	0.208	0.168	0.330
0.293	0.161	0.234	0.312
0.277	0.213	0.178	0.332
0.258	0.266	0.145	0.330
0.292	0.204	0.220	0.284
