>NNNNNNCACGTGNNN	At4g36780(BZR)/col-At4g36780-DAP-Seq(GSE60143)/Homer	7.277394	-14833.210905	0	T:5479.0(90.73%),B:1687.4(4.78%),P:1e-6441
0.255	0.227	0.242	0.275
0.321	0.201	0.219	0.259
0.280	0.195	0.231	0.294
0.254	0.208	0.231	0.306
0.194	0.319	0.226	0.262
0.319	0.185	0.292	0.205
0.042	0.876	0.034	0.048
0.965	0.002	0.017	0.016
0.019	0.890	0.011	0.080
0.080	0.011	0.889	0.020
0.036	0.008	0.004	0.952
0.077	0.010	0.886	0.027
0.201	0.284	0.185	0.330
0.283	0.221	0.319	0.178
0.286	0.226	0.212	0.276
