>DYCACCGACAHWWWH	At4g32800(AP2EREBP)/colamp-At4g32800-DAP-Seq(GSE60143)/Homer	7.826574	-7226.895201	0	T:1924.0(90.37%),B:715.9(1.65%),P:1e-3138
0.274	0.166	0.229	0.331
0.183	0.376	0.142	0.299
0.113	0.674	0.089	0.124
0.787	0.001	0.204	0.008
0.006	0.976	0.002	0.016
0.004	0.974	0.002	0.020
0.006	0.002	0.980	0.012
0.976	0.018	0.004	0.002
0.012	0.982	0.002	0.004
0.856	0.018	0.118	0.008
0.357	0.289	0.136	0.218
0.306	0.190	0.116	0.388
0.269	0.174	0.200	0.357
0.253	0.182	0.197	0.369
0.263	0.254	0.130	0.353
