>HDNHDTCKCCGGMGA	AT5G05550(Trihelix)/col-AT5G05550-DAP-Seq(GSE60143)/Homer	1.974435	-4770.278416	0	T:9005.0(85.68%),B:13146.8(39.69%),P:1e-2071
0.267	0.245	0.165	0.323
0.322	0.130	0.249	0.299
0.311	0.217	0.163	0.309
0.285	0.305	0.091	0.319
0.318	0.110	0.230	0.342
0.119	0.171	0.020	0.690
0.001	0.781	0.001	0.217
0.168	0.001	0.406	0.425
0.001	0.997	0.001	0.001
0.001	0.997	0.001	0.001
0.001	0.001	0.997	0.001
0.011	0.001	0.987	0.001
0.362	0.440	0.001	0.197
0.208	0.001	0.790	0.001
0.786	0.001	0.153	0.060
