>CACGTGTTYCACGTG	bHLH18(bHLH)/col-bHLH18-DAP-Seq(GSE60143)/Homer	9.878392	-551.216333	0	T:140.0(52.83%),B:219.2(0.54%),P:1e-239
0.143	0.714	0.072	0.071
0.524	0.001	0.285	0.190
0.001	0.690	0.001	0.308
0.166	0.001	0.832	0.001
0.190	0.214	0.047	0.549
0.048	0.071	0.571	0.310
0.261	0.048	0.190	0.501
0.285	0.095	0.143	0.477
0.167	0.381	0.024	0.429
0.047	0.951	0.001	0.001
0.928	0.001	0.001	0.070
0.001	0.928	0.001	0.070
0.094	0.001	0.904	0.001
0.001	0.142	0.001	0.856
0.024	0.024	0.904	0.048
