>TWVTCACGTGAB	BIM3(bHLH)/col-BIM3-DAP-Seq(GSE60143)/Homer	7.664068	-451.595982	0	T:135.0(86.54%),B:879.6(2.28%),P:1e-196
0.164	0.179	0.250	0.407
0.397	0.129	0.192	0.282
0.312	0.205	0.340	0.143
0.087	0.100	0.226	0.587
0.027	0.864	0.068	0.041
0.897	0.014	0.048	0.041
0.041	0.925	0.020	0.014
0.054	0.014	0.891	0.041
0.034	0.027	0.034	0.905
0.054	0.054	0.858	0.034
0.556	0.233	0.098	0.113
0.102	0.373	0.244	0.281
