>NDTGCCACGTCAGCH	bZIP44(bZIP)/colamp-bZIP44-DAP-Seq(GSE60143)/Homer	10.446870	-2404.355367	0	T:590.0(74.59%),B:334.4(0.80%),P:1e-1044
0.230	0.230	0.249	0.290
0.272	0.158	0.218	0.353
0.145	0.133	0.256	0.465
0.024	0.024	0.575	0.377
0.247	0.751	0.001	0.001
0.001	0.997	0.001	0.001
0.997	0.001	0.001	0.001
0.001	0.963	0.024	0.012
0.128	0.012	0.859	0.001
0.001	0.001	0.001	0.997
0.072	0.926	0.001	0.001
0.927	0.001	0.048	0.024
0.036	0.254	0.431	0.279
0.133	0.626	0.060	0.181
0.341	0.266	0.157	0.235
