>NDNHCAGCTGTCANN	bZIP52(bZIP)/colamp-bZIP52-DAP-Seq(GSE60143)/Homer	6.728824	-11756.228052	0	T:6891.0(62.11%),B:2299.0(6.51%),P:1e-5105
0.270	0.186	0.230	0.313
0.241	0.162	0.265	0.331
0.270	0.194	0.273	0.263
0.347	0.260	0.084	0.308
0.103	0.456	0.204	0.236
0.971	0.001	0.001	0.027
0.153	0.058	0.788	0.001
0.001	0.827	0.001	0.171
0.001	0.001	0.001	0.997
0.001	0.001	0.997	0.001
0.001	0.001	0.392	0.606
0.275	0.434	0.094	0.198
0.402	0.190	0.161	0.247
0.305	0.236	0.162	0.297
0.316	0.196	0.183	0.305
