>TRCKTGWNNNACAMG	CUC3(NAC)/col-CUC3-DAP-Seq(GSE60143)/Homer	7.266747	-5719.802996	0	T:3015.0(47.59%),B:1437.9(3.66%),P:1e-2484
0.310	0.001	0.216	0.473
0.376	0.158	0.290	0.177
0.077	0.912	0.001	0.010
0.001	0.001	0.519	0.479
0.001	0.001	0.001	0.997
0.277	0.144	0.485	0.094
0.270	0.210	0.127	0.393
0.328	0.190	0.216	0.266
0.278	0.229	0.234	0.259
0.281	0.224	0.178	0.317
0.419	0.126	0.195	0.261
0.100	0.465	0.155	0.280
0.997	0.001	0.001	0.001
0.488	0.510	0.001	0.001
0.033	0.001	0.846	0.120
