>ARATTCAATGWATYT	EIN3(EIL)/col-EIN3-DAP-Seq(GSE60143)/Homer	8.752588	-1884.175317	0	T:675.0(55.83%),B:821.6(1.83%),P:1e-818
0.537	0.090	0.119	0.254
0.303	0.114	0.398	0.184
0.626	0.020	0.353	0.001
0.001	0.001	0.001	0.997
0.204	0.065	0.159	0.572
0.109	0.885	0.001	0.005
0.876	0.001	0.094	0.029
0.766	0.064	0.169	0.001
0.184	0.109	0.001	0.706
0.001	0.001	0.989	0.009
0.378	0.129	0.050	0.443
0.944	0.001	0.001	0.054
0.059	0.293	0.001	0.647
0.179	0.388	0.149	0.284
0.169	0.159	0.095	0.577
