>WKNWSACGTGGCAWN	GBF5(bZIP)/colamp-GBF5-DAP-Seq(GSE60143)/Homer	6.984932	-8765.398735	0	T:3509.0(84.96%),B:1970.8(5.05%),P:1e-3806
0.341	0.110	0.153	0.395
0.164	0.056	0.435	0.345
0.196	0.276	0.332	0.196
0.297	0.265	0.003	0.435
0.010	0.491	0.392	0.108
0.995	0.001	0.003	0.001
0.005	0.951	0.009	0.035
0.019	0.012	0.955	0.014
0.015	0.006	0.001	0.978
0.010	0.003	0.983	0.004
0.006	0.002	0.672	0.320
0.257	0.690	0.019	0.034
0.573	0.132	0.123	0.172
0.381	0.161	0.185	0.273
0.336	0.201	0.189	0.274
