>CTTCTAGAAGMTTYW	HSF21(HSF)/col-HSF21-DAP-Seq(GSE60143)/Homer	9.406799	-2291.742541	0	T:589.0(77.91%),B:446.9(1.05%),P:1e-995
0.180	0.421	0.208	0.192
0.154	0.044	0.025	0.777
0.011	0.001	0.001	0.987
0.007	0.981	0.005	0.007
0.017	0.098	0.022	0.863
0.860	0.010	0.118	0.012
0.001	0.001	0.997	0.001
0.992	0.001	0.001	0.006
0.817	0.020	0.025	0.138
0.216	0.180	0.454	0.150
0.277	0.386	0.182	0.155
0.234	0.123	0.138	0.505
0.226	0.191	0.153	0.431
0.182	0.400	0.167	0.251
0.272	0.177	0.199	0.352
