>NTTCTAGAAKCTTCT	HSF3(HSF)/colamp-HSF3-DAP-Seq(GSE60143)/Homer	6.584284	-17665.610984	0	T:10548.0(78.57%),B:3327.9(9.96%),P:1e-7672
0.248	0.281	0.185	0.285
0.207	0.176	0.069	0.548
0.097	0.061	0.033	0.809
0.032	0.803	0.072	0.093
0.090	0.200	0.106	0.604
0.684	0.091	0.168	0.057
0.010	0.021	0.966	0.003
0.883	0.034	0.020	0.063
0.731	0.026	0.057	0.186
0.192	0.194	0.366	0.248
0.222	0.432	0.166	0.181
0.183	0.050	0.018	0.749
0.058	0.036	0.037	0.869
0.027	0.863	0.032	0.078
0.126	0.206	0.087	0.581
