>NTTCTAGAANHTTCT	HSFA6B(HSF)/colamp-HSFA6B-DAP-Seq(GSE60143)/Homer	7.378967	-14124.248416	0	T:6568.0(73.16%),B:2056.5(5.37%),P:1e-6134
0.270	0.245	0.184	0.301
0.216	0.138	0.077	0.569
0.100	0.036	0.031	0.833
0.027	0.837	0.069	0.067
0.083	0.189	0.104	0.624
0.659	0.092	0.175	0.074
0.010	0.031	0.956	0.003
0.890	0.024	0.021	0.065
0.683	0.035	0.083	0.199
0.228	0.174	0.313	0.285
0.252	0.351	0.167	0.230
0.195	0.073	0.038	0.694
0.099	0.051	0.047	0.803
0.036	0.828	0.050	0.086
0.114	0.197	0.121	0.568
