>CCKGAAWTTCMGGAW	LBD19(LOBAS2)/colamp-LBD19-DAP-Seq(GSE60143)/Homer	4.989587	-16504.812784	0	T:11592.0(75.53%),B:3887.8(12.02%),P:1e-7167
0.061	0.606	0.299	0.034
0.066	0.932	0.001	0.001
0.216	0.090	0.422	0.272
0.126	0.175	0.469	0.229
0.582	0.075	0.193	0.150
0.559	0.001	0.075	0.365
0.498	0.011	0.008	0.483
0.376	0.062	0.001	0.561
0.157	0.211	0.077	0.555
0.230	0.490	0.173	0.107
0.281	0.407	0.098	0.214
0.001	0.001	0.958	0.040
0.041	0.289	0.622	0.048
0.443	0.151	0.160	0.246
0.389	0.099	0.230	0.282
