>CKGAWWTTCHGS	LBD18(LOBAS2)/colamp-LBD18-DAP-Seq(GSE60143)/Homer	4.960302	-7958.995955	0	T:10006.0(68.13%),B:6431.9(20.01%),P:1e-3456
0.163	0.835	0.001	0.001
0.244	0.112	0.394	0.250
0.159	0.165	0.437	0.238
0.509	0.068	0.194	0.229
0.519	0.001	0.061	0.419
0.470	0.009	0.001	0.520
0.339	0.095	0.001	0.565
0.137	0.249	0.128	0.486
0.210	0.430	0.195	0.165
0.246	0.387	0.124	0.243
0.001	0.003	0.829	0.167
0.014	0.430	0.544	0.012
