>TCCGAWTTTTTCGGN	LBD2(LOBAS2)/colamp-LBD2-DAP-Seq(GSE60143)/Homer	6.422905	-16111.351317	0	T:6965.0(81.12%),B:2080.6(5.52%),P:1e-6997
0.221	0.214	0.159	0.406
0.095	0.610	0.228	0.067
0.038	0.960	0.001	0.001
0.038	0.001	0.770	0.191
0.578	0.099	0.171	0.152
0.321	0.176	0.171	0.332
0.316	0.084	0.075	0.525
0.083	0.067	0.008	0.842
0.084	0.145	0.040	0.731
0.211	0.190	0.140	0.459
0.104	0.166	0.042	0.688
0.151	0.813	0.001	0.035
0.001	0.001	0.952	0.046
0.069	0.270	0.574	0.087
0.340	0.191	0.216	0.253
