>GCGNAWWWTNCGCYW	LBD23(LOBAS2)/colamp-LBD23-DAP-Seq(GSE60143)/Homer	5.389989	-2103.301737	0	T:1445.0(62.26%),B:3657.5(8.52%),P:1e-913
0.131	0.052	0.815	0.002
0.027	0.969	0.001	0.003
0.103	0.006	0.678	0.213
0.219	0.195	0.251	0.334
0.423	0.168	0.217	0.192
0.393	0.094	0.142	0.372
0.329	0.150	0.150	0.371
0.325	0.147	0.112	0.416
0.150	0.226	0.137	0.487
0.333	0.248	0.205	0.214
0.183	0.701	0.007	0.109
0.001	0.001	0.943	0.055
0.001	0.851	0.045	0.103
0.192	0.286	0.125	0.397
0.250	0.183	0.194	0.373
