>WWAARKTAGGTGRAA	MYB39(MYB)/col-MYB39-DAP-Seq(GSE60143)/Homer	8.565913	-1504.800376	0	T:501.0(66.98%),B:864.6(1.96%),P:1e-653
0.383	0.111	0.207	0.300
0.429	0.097	0.193	0.281
0.498	0.041	0.184	0.276
0.719	0.001	0.009	0.271
0.516	0.001	0.456	0.027
0.004	0.001	0.456	0.539
0.001	0.001	0.001	0.997
0.893	0.001	0.001	0.105
0.001	0.001	0.997	0.001
0.001	0.001	0.865	0.133
0.001	0.001	0.001	0.997
0.354	0.001	0.622	0.023
0.489	0.055	0.378	0.078
0.493	0.106	0.336	0.064
0.452	0.170	0.198	0.180
