>WRCTTRWWNWWYAAG	NST1(NAC)/colamp-NST1-DAP-Seq(GSE60143)/Homer	6.578890	-13822.200028	0	T:8975.0(66.85%),B:3028.0(8.68%),P:1e-6002
0.325	0.008	0.209	0.457
0.356	0.154	0.316	0.174
0.079	0.876	0.001	0.044
0.001	0.001	0.367	0.631
0.001	0.001	0.001	0.997
0.285	0.187	0.373	0.154
0.375	0.161	0.178	0.285
0.395	0.156	0.203	0.246
0.318	0.189	0.183	0.310
0.252	0.213	0.145	0.391
0.287	0.178	0.164	0.371
0.146	0.376	0.181	0.297
0.997	0.001	0.001	0.001
0.602	0.396	0.001	0.001
0.059	0.001	0.774	0.166
