>GACKTTTCRDCTTCC	RKD2(RWPRK)/colamp-RKD2-DAP-Seq(GSE60143)/Homer	6.908014	-16240.029346	0	T:7304.0(78.69%),B:2240.2(5.70%),P:1e-7052
0.230	0.023	0.692	0.055
0.493	0.174	0.094	0.240
0.001	0.944	0.001	0.054
0.006	0.197	0.447	0.350
0.161	0.211	0.221	0.407
0.035	0.058	0.001	0.906
0.062	0.120	0.001	0.817
0.085	0.561	0.216	0.138
0.494	0.112	0.361	0.033
0.259	0.148	0.272	0.321
0.222	0.433	0.082	0.264
0.055	0.004	0.051	0.890
0.109	0.222	0.088	0.581
0.073	0.751	0.017	0.159
0.098	0.558	0.033	0.311
