>DTATCTGGKGRAGGT	STOP1(C2H2)/colamp-STOP1-DAP-Seq(GSE60143)/Homer	7.493044	-1419.277905	0	T:649.0(47.86%),B:1197.4(2.74%),P:1e-616
0.235	0.175	0.242	0.348
0.082	0.288	0.167	0.463
0.687	0.037	0.101	0.175
0.307	0.134	0.052	0.507
0.093	0.645	0.105	0.157
0.037	0.194	0.001	0.768
0.220	0.019	0.679	0.082
0.168	0.001	0.830	0.001
0.060	0.015	0.437	0.489
0.063	0.015	0.862	0.060
0.347	0.186	0.306	0.161
0.751	0.134	0.075	0.040
0.051	0.001	0.947	0.001
0.075	0.045	0.772	0.108
0.108	0.131	0.067	0.694
