>GTGGGSCCCACHHNN	TCP7(TCP)/col-TCP7-DAP-Seq(GSE60143)/Homer	6.876400	-3462.008620	0	T:900.0(89.82%),B:600.5(1.49%),P:1e-1503
0.142	0.066	0.688	0.104
0.099	0.176	0.099	0.626
0.109	0.028	0.717	0.146
0.004	0.001	0.981	0.014
0.081	0.005	0.861	0.053
0.085	0.403	0.384	0.128
0.048	0.890	0.005	0.057
0.023	0.972	0.001	0.004
0.151	0.722	0.028	0.099
0.673	0.076	0.133	0.118
0.085	0.645	0.095	0.175
0.356	0.227	0.099	0.317
0.356	0.208	0.128	0.308
0.285	0.241	0.185	0.290
0.223	0.260	0.270	0.247
