>NNDDGAGGAGGWNNN	TF3A(C2H2)/col-TF3A-DAP-Seq(GSE60143)/Homer	5.594462	-683.166637	0	T:903.0(83.92%),B:10495.3(29.81%),P:1e-296
0.277	0.170	0.278	0.275
0.280	0.216	0.290	0.214
0.328	0.165	0.261	0.247
0.325	0.147	0.304	0.224
0.222	0.071	0.558	0.149
0.690	0.044	0.158	0.108
0.133	0.062	0.587	0.218
0.158	0.046	0.604	0.192
0.648	0.033	0.196	0.123
0.231	0.050	0.586	0.133
0.260	0.092	0.469	0.178
0.393	0.112	0.241	0.254
0.297	0.186	0.298	0.219
0.262	0.222	0.256	0.260
0.300	0.280	0.208	0.212
