>NNGATGACGTCATCN	TGA5(bZIP)/col-TGA5-DAP-Seq(GSE60143)/Homer	8.767054	-5447.409548	0	T:1517.0(58.26%),B:353.5(0.87%),P:1e-2365
0.307	0.192	0.217	0.284
0.259	0.193	0.228	0.320
0.221	0.181	0.383	0.215
0.432	0.243	0.239	0.086
0.001	0.020	0.001	0.978
0.002	0.007	0.748	0.243
0.988	0.001	0.001	0.010
0.001	0.853	0.001	0.145
0.160	0.001	0.838	0.001
0.006	0.001	0.001	0.992
0.233	0.758	0.006	0.003
0.980	0.001	0.016	0.003
0.085	0.246	0.253	0.417
0.220	0.391	0.178	0.211
0.309	0.231	0.189	0.271
