>NTTGACAGCTGTCAN	VIP1(bZIP)/col-VIP1-DAP-Seq(GSE60143)/Homer	8.523403	-3720.293345	0	T:867.0(56.93%),B:182.2(0.42%),P:1e-1615
0.273	0.183	0.225	0.318
0.215	0.177	0.229	0.379
0.215	0.159	0.229	0.398
0.158	0.105	0.480	0.256
0.646	0.349	0.001	0.004
0.008	0.899	0.001	0.092
0.997	0.001	0.001	0.001
0.132	0.002	0.865	0.001
0.001	0.844	0.006	0.149
0.001	0.001	0.001	0.997
0.100	0.001	0.889	0.010
0.006	0.010	0.385	0.599
0.255	0.537	0.088	0.120
0.421	0.225	0.137	0.217
0.318	0.219	0.200	0.262
