>CTTRWDNHWYAAGYW	VND1(NAC)/col-VND1-DAP-Seq(GSE60143)/Homer	6.625488	-8974.524225	0	T:5133.0(71.73%),B:3127.5(7.84%),P:1e-3897
0.112	0.851	0.001	0.036
0.001	0.001	0.370	0.628
0.001	0.001	0.001	0.997
0.289	0.175	0.391	0.146
0.356	0.168	0.176	0.299
0.346	0.169	0.202	0.283
0.290	0.204	0.210	0.296
0.267	0.211	0.177	0.344
0.295	0.189	0.171	0.346
0.148	0.383	0.173	0.296
0.997	0.001	0.001	0.001
0.605	0.393	0.001	0.001
0.044	0.001	0.873	0.082
0.165	0.334	0.150	0.352
0.415	0.209	0.039	0.337
