>GGTCCAAAGTCCAMT	dHNF4(NR)/Fly-HNF4-ChIP-Seq(GSE73675)/Homer	9.779182	-194.054079	0	T:44.0(65.67%),B:234.9(0.48%),P:1e-84
0.222	0.057	0.666	0.055
0.001	0.001	0.888	0.110
0.055	0.001	0.165	0.779
0.110	0.445	0.222	0.223
0.001	0.944	0.001	0.054
0.889	0.109	0.001	0.001
0.944	0.001	0.001	0.054
0.997	0.001	0.001	0.001
0.001	0.001	0.944	0.054
0.055	0.001	0.111	0.833
0.001	0.554	0.057	0.388
0.001	0.889	0.055	0.055
0.832	0.001	0.112	0.055
0.443	0.332	0.114	0.111
0.166	0.222	0.167	0.445
