>TWCCAWWTWTGGWAA	AGL13(MADS)/col-AGL13-DAP-Seq(GSE60143)/Homer	10.284738	-729.088468	0	T:181.0(65.34%),B:313.7(0.68%),P:1e-316
0.053	0.001	0.001	0.945
0.365	0.067	0.122	0.446
0.001	0.997	0.001	0.001
0.001	0.661	0.001	0.337
0.487	0.176	0.121	0.216
0.379	0.054	0.067	0.500
0.540	0.001	0.027	0.432
0.337	0.001	0.001	0.661
0.365	0.121	0.027	0.487
0.284	0.054	0.216	0.446
0.296	0.001	0.702	0.001
0.001	0.001	0.997	0.001
0.392	0.162	0.027	0.419
0.919	0.013	0.001	0.067
0.649	0.001	0.013	0.337
