>TTWCCWWAWWDGGWA	AGL6(MADS)/col-AGL6-DAP-Seq(GSE60143)/Homer	9.210662	-1363.836409	0	T:441.0(62.20%),B:738.0(1.59%),P:1e-592
0.265	0.001	0.001	0.733
0.145	0.001	0.001	0.853
0.345	0.030	0.213	0.412
0.001	0.997	0.001	0.001
0.001	0.696	0.001	0.302
0.383	0.200	0.151	0.267
0.449	0.036	0.109	0.406
0.575	0.001	0.001	0.423
0.502	0.001	0.001	0.496
0.491	0.085	0.036	0.388
0.328	0.103	0.212	0.357
0.320	0.001	0.678	0.001
0.001	0.001	0.993	0.005
0.455	0.170	0.060	0.315
0.811	0.001	0.001	0.187
