>TTCTAGAAGCTTCTA	AGL95(ND)/col-AGL95-DAP-Seq(GSE60143)/Homer	9.276868	-1737.555778	0	T:515.0(64.46%),B:550.1(1.27%),P:1e-754
0.201	0.165	0.104	0.530
0.154	0.125	0.064	0.657
0.125	0.649	0.104	0.122
0.125	0.201	0.111	0.563
0.657	0.075	0.236	0.032
0.001	0.001	0.997	0.001
0.989	0.003	0.001	0.007
0.877	0.001	0.032	0.090
0.129	0.229	0.473	0.168
0.233	0.459	0.201	0.107
0.086	0.057	0.007	0.850
0.014	0.050	0.007	0.929
0.018	0.870	0.036	0.076
0.079	0.212	0.122	0.587
0.510	0.125	0.193	0.172
