>DVCKTGHNNNDCAAG	ANAC020(NAC)/col-ANAC020-DAP-Seq(GSE60143)/Homer	7.023635	-12768.652626	0	T:5984.0(75.69%),B:2333.0(5.80%),P:1e-5545
0.329	0.023	0.256	0.392
0.343	0.201	0.264	0.193
0.020	0.962	0.001	0.017
0.001	0.002	0.431	0.566
0.001	0.001	0.001	0.997
0.213	0.184	0.459	0.144
0.294	0.209	0.171	0.326
0.264	0.247	0.218	0.271
0.269	0.247	0.229	0.255
0.290	0.224	0.226	0.260
0.356	0.165	0.207	0.273
0.138	0.466	0.188	0.208
0.997	0.001	0.001	0.001
0.576	0.419	0.003	0.002
0.039	0.001	0.892	0.068
