>WVCKTGHNNNWCAMG	ANAC087(NAC)/col-ANAC087-DAP-Seq(GSE60143)/Homer	7.390379	-4283.185556	0	T:1570.0(68.86%),B:1178.5(2.70%),P:1e-1860
0.290	0.043	0.235	0.432
0.339	0.229	0.288	0.144
0.035	0.947	0.001	0.017
0.001	0.002	0.571	0.426
0.001	0.001	0.001	0.997
0.278	0.148	0.479	0.095
0.288	0.219	0.164	0.329
0.292	0.260	0.227	0.221
0.282	0.235	0.227	0.256
0.252	0.231	0.215	0.302
0.385	0.142	0.229	0.245
0.085	0.509	0.140	0.266
0.997	0.001	0.001	0.001
0.450	0.546	0.002	0.002
0.006	0.001	0.950	0.043
