>WRCKTGWNNNWCAMG	ANAC092(NAC)/colamp-ANAC092-DAP-Seq(GSE60143)/Homer	7.184450	-7261.103787	0	T:3871.0(50.94%),B:1605.7(4.10%),P:1e-3153
0.315	0.029	0.227	0.429
0.363	0.186	0.281	0.170
0.040	0.940	0.001	0.019
0.002	0.002	0.497	0.499
0.001	0.001	0.001	0.997
0.258	0.173	0.456	0.113
0.269	0.205	0.146	0.380
0.294	0.221	0.214	0.271
0.258	0.257	0.245	0.240
0.263	0.223	0.216	0.297
0.378	0.156	0.207	0.259
0.096	0.494	0.149	0.261
0.997	0.001	0.001	0.001
0.490	0.499	0.006	0.005
0.016	0.001	0.906	0.077
