>CGTNDHNDHNACGKY	ANAC042(NAC)/col-ANAC042-DAP-Seq(GSE60143)/Homer	4.802105	-2749.923567	0	T:2892.0(47.33%),B:3873.4(10.11%),P:1e-1194
0.001	0.997	0.001	0.001
0.001	0.001	0.986	0.012
0.001	0.001	0.289	0.709
0.251	0.209	0.278	0.261
0.369	0.084	0.292	0.254
0.342	0.245	0.119	0.294
0.255	0.221	0.226	0.299
0.268	0.146	0.244	0.342
0.246	0.318	0.080	0.356
0.242	0.254	0.234	0.271
0.697	0.301	0.001	0.001
0.002	0.996	0.001	0.001
0.001	0.001	0.997	0.001
0.074	0.207	0.422	0.297
0.223	0.447	0.004	0.326
