>CCGDAAWWHMCGSCG	AS2(LOBAS2)/col-AS2-DAP-Seq(GSE60143)/Homer	8.627239	-476.698133	0	T:277.0(57.47%),B:2346.0(5.77%),P:1e-207
0.154	0.550	0.270	0.026
0.025	0.973	0.001	0.001
0.167	0.001	0.717	0.115
0.206	0.193	0.257	0.344
0.447	0.180	0.244	0.129
0.541	0.061	0.154	0.244
0.395	0.064	0.167	0.373
0.373	0.177	0.039	0.412
0.203	0.296	0.154	0.347
0.241	0.386	0.193	0.180
0.001	0.997	0.001	0.001
0.001	0.001	0.997	0.001
0.001	0.424	0.537	0.038
0.001	0.910	0.012	0.077
0.089	0.001	0.909	0.001
