>NHGTGGGGCCCACHW	At1g69690(TCP)/colamp-At1g69690-DAP-Seq(GSE60143)/Homer	8.274989	-2940.409281	0	T:699.0(83.41%),B:360.9(0.88%),P:1e-1276
0.314	0.222	0.204	0.260
0.271	0.240	0.156	0.333
0.168	0.179	0.526	0.127
0.119	0.164	0.145	0.572
0.177	0.056	0.527	0.240
0.001	0.001	0.979	0.019
0.024	0.001	0.947	0.028
0.222	0.128	0.406	0.243
0.020	0.888	0.001	0.091
0.001	0.997	0.001	0.001
0.001	0.943	0.001	0.055
0.991	0.001	0.007	0.001
0.004	0.867	0.032	0.097
0.305	0.350	0.094	0.251
0.380	0.215	0.124	0.282
