>GTGGGNCCCACNDND	At2g45680(TCP)/colamp-At2g45680-DAP-Seq(GSE60143)/Homer	9.077233	-2057.388354	0	T:435.0(70.39%),B:156.9(0.38%),P:1e-893
0.131	0.056	0.736	0.077
0.040	0.050	0.032	0.878
0.093	0.019	0.843	0.045
0.019	0.019	0.927	0.035
0.072	0.024	0.867	0.037
0.339	0.206	0.194	0.260
0.035	0.864	0.024	0.077
0.019	0.928	0.013	0.040
0.051	0.845	0.011	0.093
0.833	0.056	0.066	0.045
0.064	0.738	0.083	0.115
0.285	0.199	0.217	0.299
0.272	0.168	0.211	0.349
0.296	0.209	0.197	0.298
0.296	0.168	0.204	0.333
