>TTCTAGAANMTTCTA	AT3G09735(S1Falike)/col-AT3G09735-DAP-Seq(GSE60143)/Homer	7.551236	-17709.680399	0	T:6513.0(83.31%),B:1533.0(3.87%),P:1e-7691
0.205	0.180	0.112	0.503
0.116	0.049	0.056	0.779
0.037	0.798	0.090	0.075
0.062	0.207	0.100	0.631
0.693	0.069	0.211	0.027
0.003	0.013	0.983	0.001
0.924	0.024	0.005	0.047
0.773	0.025	0.070	0.132
0.212	0.201	0.326	0.260
0.247	0.378	0.211	0.164
0.156	0.063	0.040	0.741
0.082	0.033	0.045	0.840
0.020	0.882	0.035	0.063
0.097	0.259	0.119	0.525
0.456	0.148	0.175	0.221
