>TCTCVACCGTTSATT	AT4G27900(C2C2COlike)/col-AT4G27900-DAP-Seq(GSE60143)/Homer	10.633263	-737.901633	0	T:153.0(76.88%),B:176.7(0.41%),P:1e-320
0.058	0.058	0.001	0.883
0.088	0.825	0.029	0.058
0.059	0.117	0.029	0.795
0.058	0.470	0.234	0.238
0.295	0.264	0.325	0.117
0.648	0.001	0.322	0.029
0.001	0.997	0.001	0.001
0.001	0.997	0.001	0.001
0.057	0.001	0.941	0.001
0.028	0.001	0.001	0.970
0.001	0.325	0.001	0.673
0.058	0.443	0.440	0.058
0.824	0.001	0.088	0.087
0.058	0.001	0.058	0.883
0.058	0.175	0.087	0.680
