>AGGGTTTAGGGTTTA	AT4G12670(MYBrelated)/col-AT4G12670-DAP-Seq(GSE60143)/Homer	15.319845	-853.118582	0	T:184.0(77.64%),B:134.2(0.50%),P:1e-370
0.910	0.001	0.050	0.039
0.010	0.005	0.980	0.005
0.198	0.005	0.792	0.005
0.001	0.001	0.983	0.015
0.010	0.005	0.023	0.962
0.001	0.001	0.001	0.997
0.021	0.001	0.005	0.973
0.979	0.001	0.010	0.010
0.017	0.005	0.889	0.089
0.005	0.001	0.956	0.038
0.001	0.001	0.910	0.088
0.134	0.005	0.010	0.851
0.016	0.005	0.031	0.948
0.143	0.001	0.001	0.855
0.734	0.010	0.061	0.195
