>TCTCAACCGTTCATT	AT5G59990(C2C2COlike)/colamp-AT5G59990-DAP-Seq(GSE60143)/Homer	9.502883	-1158.617054	0	T:314.0(73.54%),B:511.2(1.15%),P:1e-503
0.001	0.109	0.031	0.859
0.140	0.689	0.031	0.140
0.125	0.218	0.062	0.595
0.062	0.532	0.125	0.281
0.547	0.156	0.266	0.031
0.687	0.001	0.311	0.001
0.001	0.997	0.001	0.001
0.001	0.997	0.001	0.001
0.202	0.001	0.796	0.001
0.001	0.186	0.001	0.812
0.124	0.313	0.001	0.562
0.046	0.625	0.328	0.001
0.594	0.031	0.374	0.001
0.359	0.016	0.031	0.594
0.063	0.094	0.062	0.781
