>NSAGGTKWTATCTGD	At5g22890(C2H2)/col-At5g22890-DAP-Seq(GSE60143)/Homer	10.120485	-641.581791	0	T:139.0(40.17%),B:89.0(0.19%),P:1e-278
0.177	0.176	0.324	0.323
0.176	0.382	0.235	0.207
0.970	0.001	0.028	0.001
0.001	0.001	0.997	0.001
0.001	0.001	0.911	0.087
0.001	0.058	0.001	0.940
0.147	0.089	0.412	0.353
0.293	0.117	0.206	0.383
0.001	0.116	0.001	0.882
0.997	0.001	0.001	0.001
0.088	0.175	0.001	0.736
0.029	0.766	0.029	0.176
0.029	0.029	0.001	0.941
0.235	0.088	0.647	0.030
0.264	0.147	0.352	0.236
