>NNWSACACGTGTSWN	BAM8(BES1)/col-BAM8-DAP-Seq(GSE60143)/Homer	7.529566	-6317.631137	0	T:2063.0(88.77%),B:1138.5(3.17%),P:1e-2743
0.287	0.212	0.209	0.292
0.234	0.237	0.200	0.329
0.283	0.185	0.127	0.406
0.122	0.427	0.282	0.169
0.458	0.115	0.300	0.127
0.030	0.878	0.007	0.085
0.891	0.001	0.097	0.011
0.009	0.904	0.002	0.085
0.066	0.001	0.924	0.009
0.012	0.068	0.002	0.918
0.075	0.006	0.894	0.025
0.123	0.295	0.113	0.468
0.174	0.281	0.419	0.126
0.416	0.124	0.179	0.281
0.326	0.200	0.233	0.242
