>DWKNHSACGTGGCAD	bZIP3(bZIP)/col-bZIP3-DAP-Seq(GSE60143)/Homer	6.309420	-10731.334832	0	T:5857.0(70.61%),B:2545.2(7.00%),P:1e-4660
0.345	0.161	0.200	0.293
0.314	0.145	0.171	0.369
0.216	0.078	0.408	0.298
0.206	0.262	0.317	0.215
0.279	0.315	0.006	0.400
0.012	0.502	0.362	0.124
0.997	0.001	0.001	0.001
0.001	0.945	0.012	0.042
0.022	0.007	0.964	0.007
0.008	0.001	0.001	0.990
0.005	0.001	0.991	0.003
0.012	0.001	0.629	0.358
0.276	0.660	0.017	0.047
0.463	0.145	0.169	0.222
0.285	0.152	0.221	0.342
