>ACGCGTTTTANACRC	CAMTA5(CAMTA)/col-CAMTA5-DAP-Seq(GSE60143)/Homer	6.418510	-1026.041660	0	T:524.0(67.79%),B:2141.0(5.78%),P:1e-445
0.738	0.130	0.106	0.026
0.065	0.890	0.012	0.033
0.320	0.008	0.641	0.031
0.014	0.874	0.008	0.104
0.037	0.008	0.908	0.047
0.037	0.164	0.213	0.586
0.218	0.151	0.179	0.453
0.182	0.123	0.100	0.595
0.259	0.151	0.175	0.416
0.435	0.181	0.120	0.264
0.306	0.196	0.238	0.259
0.604	0.130	0.120	0.146
0.167	0.619	0.057	0.157
0.424	0.075	0.381	0.120
0.141	0.585	0.065	0.209
