>AWATGGCGGCGG	ERF9(AP2EREBP)/colamp-ERF9-DAP-Seq(GSE60143)/Homer	7.530323	-2252.012254	0	T:1373.0(85.71%),B:5001.7(12.32%),P:1e-978
0.474	0.159	0.118	0.249
0.418	0.035	0.175	0.372
0.536	0.055	0.193	0.216
0.160	0.176	0.016	0.648
0.046	0.005	0.829	0.120
0.233	0.016	0.694	0.057
0.005	0.951	0.003	0.041
0.003	0.008	0.967	0.022
0.011	0.008	0.976	0.005
0.011	0.964	0.004	0.021
0.015	0.025	0.886	0.074
0.046	0.250	0.659	0.045
