>TKNNNYYCACGCGCY	FAR1(FAR1)/col-FAR1-DAP-Seq(GSE60143)/Homer	7.927350	-2283.035588	0	T:874.0(91.33%),B:1944.4(5.36%),P:1e-991
0.169	0.218	0.182	0.431
0.221	0.171	0.374	0.234
0.343	0.221	0.214	0.222
0.324	0.213	0.201	0.262
0.252	0.244	0.230	0.274
0.169	0.332	0.139	0.360
0.212	0.413	0.063	0.313
0.111	0.694	0.115	0.080
0.989	0.005	0.005	0.001
0.001	0.997	0.001	0.001
0.042	0.001	0.854	0.103
0.015	0.960	0.001	0.024
0.040	0.001	0.849	0.110
0.052	0.896	0.010	0.042
0.121	0.337	0.189	0.354
