>DDWWYYAGATCTRRW	GATA1(C2C2gata)/colamp-GATA1-DAP-Seq(GSE60143)/Homer	7.255030	-2692.847989	0	T:1323.0(74.16%),B:2383.2(6.20%),P:1e-1169
0.363	0.158	0.238	0.242
0.360	0.148	0.273	0.220
0.412	0.144	0.168	0.276
0.344	0.141	0.077	0.438
0.144	0.312	0.119	0.426
0.019	0.422	0.075	0.483
0.755	0.007	0.233	0.005
0.012	0.001	0.985	0.002
0.997	0.001	0.001	0.001
0.001	0.001	0.001	0.997
0.004	0.984	0.004	0.008
0.010	0.210	0.024	0.756
0.438	0.092	0.362	0.108
0.424	0.099	0.316	0.161
0.428	0.124	0.161	0.287
