>TTAACCATGGTTAAD	GT1(Trihelix)/col-GT1-DAP-Seq(GSE60143)/Homer	10.167512	-916.655716	0	T:220.0(42.23%),B:115.2(0.32%),P:1e-398
0.105	0.217	0.083	0.595
0.137	0.069	0.034	0.760
0.830	0.015	0.091	0.064
0.936	0.030	0.011	0.023
0.023	0.882	0.026	0.069
0.047	0.629	0.019	0.305
0.644	0.097	0.170	0.089
0.061	0.187	0.090	0.662
0.261	0.019	0.690	0.030
0.060	0.019	0.906	0.015
0.023	0.004	0.015	0.958
0.058	0.083	0.014	0.845
0.781	0.041	0.072	0.106
0.582	0.112	0.193	0.113
0.255	0.139	0.301	0.305
