>TTCTAGAAGCTTCTA	HSF7(HSF)/colamp-HSF7-DAP-Seq(GSE60143)/Homer	8.604681	-8230.168356	0	T:2633.0(74.99%),B:861.0(2.09%),P:1e-3574
0.182	0.174	0.085	0.559
0.124	0.069	0.040	0.767
0.094	0.661	0.079	0.166
0.111	0.183	0.090	0.616
0.705	0.071	0.203	0.021
0.008	0.004	0.987	0.001
0.958	0.006	0.002	0.034
0.865	0.021	0.025	0.089
0.186	0.190	0.430	0.194
0.196	0.417	0.193	0.194
0.122	0.038	0.017	0.823
0.060	0.021	0.013	0.906
0.024	0.856	0.039	0.081
0.082	0.253	0.117	0.548
0.450	0.133	0.178	0.239
