>TTCTAGAAGCTTCTA	HSFA1E(HSF)/col-HSFA1E-DAP-Seq(GSE60143)/Homer	9.714466	-1980.286219	0	T:488.0(72.51%),B:341.6(0.78%),P:1e-860
0.231	0.150	0.049	0.570
0.044	0.049	0.016	0.891
0.065	0.753	0.113	0.069
0.085	0.231	0.097	0.587
0.782	0.036	0.162	0.020
0.001	0.004	0.983	0.012
0.991	0.001	0.001	0.007
0.834	0.001	0.068	0.097
0.174	0.190	0.458	0.178
0.178	0.401	0.239	0.182
0.130	0.053	0.008	0.809
0.032	0.032	0.004	0.932
0.012	0.935	0.001	0.052
0.061	0.227	0.069	0.643
0.608	0.105	0.214	0.073
