>RGAAGNTTCTAGAAN	HSFA6A(HSF)/col-HSFA6A-DAP-Seq(GSE60143)/Homer	10.825764	-3101.896959	0	T:614.0(83.88%),B:168.0(0.38%),P:1e-1347
0.465	0.106	0.374	0.054
0.026	0.001	0.941	0.032
0.951	0.001	0.032	0.016
0.871	0.011	0.032	0.086
0.112	0.254	0.469	0.165
0.277	0.287	0.186	0.249
0.075	0.048	0.016	0.861
0.020	0.001	0.001	0.978
0.001	0.989	0.005	0.005
0.005	0.181	0.032	0.782
0.722	0.048	0.214	0.016
0.011	0.016	0.968	0.005
0.988	0.001	0.001	0.010
0.679	0.070	0.097	0.154
0.221	0.218	0.319	0.241
