>HTTCTAGAADCTTCT	HSFC1(HSF)/col-HSFC1-DAP-Seq(GSE60143)/Homer	8.596044	-10084.264778	0	T:3127.0(67.67%),B:677.7(1.58%),P:1e-4379
0.217	0.330	0.179	0.275
0.161	0.143	0.065	0.631
0.089	0.038	0.035	0.838
0.028	0.873	0.033	0.066
0.028	0.197	0.073	0.702
0.741	0.055	0.189	0.015
0.004	0.009	0.986	0.001
0.939	0.014	0.005	0.042
0.810	0.033	0.060	0.097
0.231	0.184	0.367	0.218
0.222	0.411	0.208	0.159
0.159	0.074	0.032	0.735
0.082	0.047	0.061	0.810
0.051	0.769	0.048	0.132
0.103	0.284	0.121	0.491
