>KCCGTNWTTTBCGGC	LBD13(LOBAS2)/colamp-LBD13-DAP-Seq(GSE60143)/Homer	5.274747	-3628.404891	0	T:2896.0(77.95%),B:6128.4(15.24%),P:1e-1575
0.132	0.049	0.404	0.414
0.010	0.771	0.214	0.005
0.001	0.997	0.001	0.001
0.040	0.002	0.828	0.130
0.208	0.168	0.231	0.393
0.248	0.200	0.302	0.250
0.426	0.013	0.126	0.435
0.147	0.050	0.096	0.707
0.192	0.234	0.017	0.557
0.111	0.056	0.084	0.749
0.120	0.318	0.336	0.226
0.082	0.886	0.001	0.031
0.001	0.001	0.997	0.001
0.002	0.229	0.767	0.002
0.233	0.498	0.051	0.217
