>CGCCGKAWWTTHCGS	LOB(LOBAS2)/col-LOB-DAP-Seq(GSE60143)/Homer	7.197411	-803.393319	0	T:829.0(56.74%),B:4957.8(12.66%),P:1e-348
0.249	0.679	0.001	0.071
0.197	0.033	0.549	0.221
0.041	0.646	0.312	0.001
0.001	0.997	0.001	0.001
0.049	0.001	0.949	0.001
0.193	0.191	0.374	0.241
0.441	0.152	0.241	0.166
0.396	0.066	0.200	0.338
0.380	0.116	0.066	0.437
0.291	0.205	0.042	0.462
0.158	0.216	0.230	0.395
0.316	0.210	0.141	0.333
0.141	0.725	0.001	0.133
0.001	0.001	0.941	0.057
0.008	0.438	0.487	0.066
