>GCACGAWTYCCGAGG	PLT1(AP2EREBP)/colamp-PLT1-DAP-Seq(GSE60143)/Homer	8.595398	-957.982743	0	T:249.0(49.40%),B:249.3(0.54%),P:1e-416
0.176	0.063	0.469	0.293
0.058	0.743	0.012	0.187
0.520	0.117	0.199	0.164
0.001	0.918	0.023	0.058
0.270	0.047	0.578	0.105
0.426	0.141	0.176	0.257
0.422	0.087	0.082	0.410
0.152	0.094	0.035	0.719
0.164	0.461	0.001	0.374
0.058	0.543	0.012	0.387
0.001	0.997	0.001	0.001
0.292	0.001	0.672	0.035
0.997	0.001	0.001	0.001
0.070	0.023	0.778	0.129
0.339	0.001	0.659	0.001
