>RTGACGTCAKCW	TGA4(bZIP)/colamp-TGA4-DAP-Seq(GSE60143)/Homer	7.524223	-11347.202364	0	T:4405.0(71.75%),B:1276.5(3.37%),P:1e-4927
0.360	0.183	0.306	0.151
0.129	0.207	0.001	0.663
0.034	0.248	0.529	0.189
0.977	0.001	0.001	0.021
0.001	0.821	0.001	0.177
0.146	0.001	0.852	0.001
0.085	0.002	0.001	0.912
0.176	0.807	0.005	0.012
0.987	0.001	0.011	0.001
0.054	0.195	0.334	0.417
0.153	0.544	0.088	0.215
0.372	0.186	0.171	0.271
