>DCTTNHTTTTYAMGY	VND6(NAC)/col-VND6-DAP-Seq(GSE60143)/Homer	6.167289	-14351.612957	0	T:8980.0(72.47%),B:3317.5(9.33%),P:1e-6232
0.299	0.171	0.322	0.208
0.017	0.978	0.001	0.004
0.001	0.001	0.285	0.713
0.001	0.001	0.001	0.997
0.196	0.236	0.337	0.231
0.292	0.203	0.174	0.331
0.180	0.230	0.190	0.401
0.126	0.270	0.148	0.456
0.131	0.234	0.177	0.458
0.222	0.214	0.160	0.404
0.139	0.361	0.136	0.364
0.997	0.001	0.001	0.001
0.533	0.465	0.001	0.001
0.001	0.001	0.987	0.011
0.187	0.284	0.159	0.371
