>CACGTGGC	ABF1(bZIP)/Arabidopsis-ABF1-ChIP-Seq(GSE80564)/Homer	5.466062	-583.495726	0	T:880.0(10.34%),B:1043.8(2.62%),P:1e-253
0.028	0.868	0.057	0.047
0.986	0.001	0.012	0.001
0.001	0.986	0.001	0.012
0.013	0.009	0.977	0.001
0.001	0.001	0.001	0.997
0.006	0.001	0.992	0.001
0.036	0.019	0.591	0.354
0.114	0.813	0.038	0.035
>KGMCACGTGDCMHHH	ABF2(bZIP)/col-ABF2-DAP-Seq(GSE60143)/Homer	7.798481	-6316.372879	0	T:2168.0(94.30%),B:1698.0(4.33%),P:1e-2743
0.206	0.185	0.250	0.359
0.073	0.001	0.691	0.235
0.471	0.526	0.001	0.002
0.001	0.997	0.001	0.001
0.997	0.001	0.001	0.001
0.001	0.997	0.001	0.001
0.001	0.001	0.997	0.001
0.001	0.001	0.001	0.997
0.092	0.306	0.601	0.001
0.340	0.001	0.322	0.337
0.133	0.487	0.196	0.184
0.282	0.405	0.144	0.169
0.343	0.201	0.180	0.276
0.272	0.221	0.165	0.342
0.311	0.214	0.138	0.336
>GCCACGTG	ABI5(bZIP)/col-ABI5-DAP-Seq(GSE60143)/Homer	5.989415	-10169.487125	0	T:4368.0(89.97%),B:2565.6(6.85%),P:1e-4416
0.001	0.014	0.881	0.104
0.367	0.631	0.001	0.001
0.001	0.997	0.001	0.001
0.997	0.001	0.001	0.001
0.001	0.997	0.001	0.001
0.001	0.001	0.997	0.001
0.001	0.001	0.001	0.997
0.056	0.162	0.781	0.001
>AAATGGCGGCGG	ABR1(AP2EREBP)/colamp-ABR1-DAP-Seq(GSE60143)/Homer	4.932590	-9084.607923	0	T:8127.0(88.24%),B:8131.9(22.45%),P:1e-3945
0.506	0.184	0.078	0.232
0.530	0.044	0.136	0.290
0.592	0.021	0.167	0.220
0.200	0.114	0.006	0.680
0.064	0.008	0.618	0.310
0.204	0.013	0.711	0.072
0.001	0.992	0.001	0.006
0.001	0.001	0.996	0.002
0.001	0.001	0.997	0.001
0.001	0.997	0.001	0.001
0.013	0.021	0.610	0.356
0.216	0.107	0.579	0.098
>NRWAAAGYDV	Adof1(C2C2dof)/col-Adof1-DAP-Seq(GSE60143)/Homer	5.869767	-6386.136598	0	T:10926.0(93.03%),B:15044.9(44.41%),P:1e-2773
0.296	0.258	0.260	0.187
0.385	0.179	0.239	0.197
0.402	0.055	0.092	0.451
0.953	0.001	0.013	0.033
0.946	0.012	0.013	0.029
0.893	0.026	0.037	0.044
0.070	0.016	0.894	0.020
0.149	0.251	0.204	0.396
0.345	0.116	0.287	0.253
0.281	0.202	0.337	0.180
>TWCCAWWTWTGGWAA	AGL13(MADS)/col-AGL13-DAP-Seq(GSE60143)/Homer	10.284738	-729.088468	0	T:181.0(65.34%),B:313.7(0.68%),P:1e-316
0.053	0.001	0.001	0.945
0.365	0.067	0.122	0.446
0.001	0.997	0.001	0.001
0.001	0.661	0.001	0.337
0.487	0.176	0.121	0.216
0.379	0.054	0.067	0.500
0.540	0.001	0.027	0.432
0.337	0.001	0.001	0.661
0.365	0.121	0.027	0.487
0.284	0.054	0.216	0.446
0.296	0.001	0.702	0.001
0.001	0.001	0.997	0.001
0.392	0.162	0.027	0.419
0.919	0.013	0.001	0.067
0.649	0.001	0.013	0.337
>TTTCCHWATWDGGAA	AGL15(MADS)/col-AGL15-DAP-Seq(GSE60143)/Homer	9.043550	-4864.745299	0	T:1552.0(68.76%),B:785.3(1.78%),P:1e-2112
0.178	0.077	0.001	0.744
0.001	0.001	0.001	0.997
0.298	0.049	0.104	0.549
0.001	0.997	0.001	0.001
0.001	0.662	0.001	0.336
0.303	0.241	0.115	0.341
0.396	0.139	0.149	0.316
0.626	0.001	0.001	0.372
0.373	0.001	0.001	0.625
0.349	0.123	0.126	0.402
0.331	0.105	0.227	0.338
0.366	0.001	0.632	0.001
0.001	0.001	0.983	0.015
0.543	0.114	0.080	0.263
0.856	0.047	0.001	0.096
>TWCCHWATWDGGAAA	AGL16(MADS)/col-AGL16-DAP-Seq(GSE60143)/Homer	9.002679	-1153.470833	0	T:324.0(46.89%),B:320.2(0.66%),P:1e-500
0.087	0.043	0.043	0.827
0.290	0.138	0.138	0.435
0.050	0.935	0.001	0.014
0.007	0.775	0.001	0.217
0.283	0.312	0.109	0.297
0.391	0.152	0.159	0.297
0.609	0.014	0.007	0.370
0.376	0.001	0.014	0.609
0.304	0.123	0.123	0.449
0.355	0.101	0.319	0.225
0.202	0.001	0.796	0.001
0.007	0.001	0.920	0.072
0.471	0.138	0.080	0.312
0.848	0.036	0.007	0.109
0.609	0.051	0.123	0.217
>TTTCCATWTWTGGAA	AGL25(MADS)/colamp-AGL25-DAP-Seq(GSE60143)/Homer	10.178309	-997.393587	0	T:280.0(61.14%),B:439.8(0.97%),P:1e-433
0.100	0.092	0.025	0.783
0.025	0.017	0.112	0.846
0.092	0.008	0.050	0.850
0.001	0.997	0.001	0.001
0.008	0.678	0.001	0.313
0.489	0.151	0.059	0.301
0.360	0.059	0.059	0.522
0.477	0.008	0.008	0.507
0.409	0.001	0.001	0.589
0.461	0.059	0.034	0.447
0.235	0.084	0.142	0.539
0.259	0.001	0.707	0.033
0.001	0.008	0.941	0.050
0.748	0.084	0.042	0.126
0.833	0.075	0.008	0.084
>TTCCAAWWWTGG	AGL63(MADS)/col-AGL63-DAP-Seq(GSE60143)/Homer	6.686236	-13546.933154	0	T:9975.0(63.35%),B:3189.6(9.67%),P:1e-5883
0.140	0.020	0.049	0.791
0.173	0.068	0.280	0.478
0.005	0.767	0.026	0.202
0.016	0.835	0.001	0.148
0.513	0.234	0.115	0.138
0.554	0.034	0.058	0.354
0.549	0.001	0.001	0.449
0.503	0.004	0.001	0.492
0.434	0.062	0.024	0.479
0.157	0.152	0.082	0.609
0.213	0.001	0.586	0.200
0.050	0.007	0.883	0.060
>TTWCCWWAWWDGGWA	AGL6(MADS)/col-AGL6-DAP-Seq(GSE60143)/Homer	9.210662	-1363.836409	0	T:441.0(62.20%),B:738.0(1.59%),P:1e-592
0.265	0.001	0.001	0.733
0.145	0.001	0.001	0.853
0.345	0.030	0.213	0.412
0.001	0.997	0.001	0.001
0.001	0.696	0.001	0.302
0.383	0.200	0.151	0.267
0.449	0.036	0.109	0.406
0.575	0.001	0.001	0.423
0.502	0.001	0.001	0.496
0.491	0.085	0.036	0.388
0.328	0.103	0.212	0.357
0.320	0.001	0.678	0.001
0.001	0.001	0.993	0.005
0.455	0.170	0.060	0.315
0.811	0.001	0.001	0.187
>TTCTAGAAGCTTCTA	AGL95(ND)/col-AGL95-DAP-Seq(GSE60143)/Homer	9.276868	-1737.555778	0	T:515.0(64.46%),B:550.1(1.27%),P:1e-754
0.201	0.165	0.104	0.530
0.154	0.125	0.064	0.657
0.125	0.649	0.104	0.122
0.125	0.201	0.111	0.563
0.657	0.075	0.236	0.032
0.001	0.001	0.997	0.001
0.989	0.003	0.001	0.007
0.877	0.001	0.032	0.090
0.129	0.229	0.473	0.168
0.233	0.459	0.201	0.107
0.086	0.057	0.007	0.850
0.014	0.050	0.007	0.929
0.018	0.870	0.036	0.076
0.079	0.212	0.122	0.587
0.510	0.125	0.193	0.172
>KCACRAWTYYCGAGG	AIL7(AP2EREBP)/colamp-AIL7-DAP-Seq(GSE60143)/Homer	6.952847	-4906.015564	0	T:1913.0(68.57%),B:1418.5(3.16%),P:1e-2130
0.234	0.057	0.404	0.305
0.063	0.709	0.003	0.225
0.454	0.133	0.226	0.188
0.066	0.880	0.011	0.043
0.358	0.051	0.475	0.116
0.444	0.143	0.215	0.197
0.460	0.082	0.063	0.395
0.186	0.087	0.051	0.676
0.182	0.432	0.007	0.379
0.044	0.539	0.001	0.416
0.001	0.997	0.001	0.001
0.309	0.073	0.522	0.096
0.997	0.001	0.001	0.001
0.088	0.034	0.631	0.247
0.398	0.001	0.587	0.014
>WNCTTVYNNNRBAAG	ANAC004(NAC)/colamp-ANAC004-DAP-Seq(GSE60143)/Homer	8.168270	-23495.591989	0	T:7494.0(91.78%),B:1264.2(3.20%),P:1e-10203
0.349	0.104	0.150	0.397
0.305	0.206	0.297	0.192
0.005	0.975	0.014	0.006
0.006	0.003	0.005	0.986
0.003	0.002	0.001	0.994
0.343	0.264	0.305	0.087
0.140	0.290	0.154	0.415
0.273	0.233	0.208	0.286
0.264	0.259	0.205	0.271
0.258	0.216	0.229	0.296
0.407	0.164	0.278	0.151
0.087	0.323	0.245	0.345
0.995	0.002	0.002	0.001
0.989	0.007	0.001	0.003
0.011	0.003	0.982	0.004
>WVCTTVTWNHABAAG	ANAC005(NAC)/col-ANAC005-DAP-Seq(GSE60143)/Homer	7.763005	-17447.383433	0	T:6674.0(87.00%),B:1895.9(4.74%),P:1e-7577
0.371	0.093	0.132	0.404
0.343	0.218	0.247	0.192
0.011	0.971	0.007	0.011
0.011	0.005	0.009	0.975
0.004	0.003	0.002	0.991
0.308	0.249	0.308	0.136
0.196	0.196	0.143	0.465
0.249	0.175	0.208	0.369
0.245	0.244	0.224	0.288
0.332	0.189	0.179	0.300
0.428	0.165	0.207	0.199
0.126	0.322	0.233	0.318
0.992	0.002	0.003	0.003
0.981	0.011	0.002	0.006
0.016	0.005	0.966	0.013
>TDCTTGYRNNDCAAG	ANAC011(NAC)/col-ANAC011-DAP-Seq(GSE60143)/Homer	7.941031	-463.857102	0	T:198.0(60.74%),B:1536.8(3.31%),P:1e-201
0.180	0.001	0.126	0.693
0.360	0.117	0.297	0.225
0.001	0.997	0.001	0.001
0.001	0.009	0.108	0.882
0.001	0.001	0.001	0.997
0.090	0.270	0.550	0.090
0.234	0.270	0.090	0.405
0.315	0.126	0.396	0.162
0.279	0.198	0.207	0.315
0.216	0.297	0.189	0.297
0.352	0.144	0.252	0.252
0.072	0.541	0.288	0.099
0.997	0.001	0.001	0.001
0.891	0.107	0.001	0.001
0.001	0.001	0.997	0.001
>CTTGNNNNNCAAGNA	ANAC013(NAC)/col-ANAC013-DAP-Seq(GSE60143)/Homer	7.332502	-11875.048777	0	T:4590.0(79.91%),B:1709.5(4.06%),P:1e-5157
0.070	0.873	0.001	0.056
0.001	0.002	0.340	0.657
0.001	0.001	0.001	0.997
0.100	0.142	0.640	0.118
0.220	0.218	0.229	0.334
0.224	0.215	0.223	0.338
0.218	0.275	0.276	0.231
0.325	0.217	0.216	0.242
0.329	0.227	0.224	0.219
0.122	0.657	0.124	0.097
0.997	0.001	0.001	0.001
0.674	0.324	0.001	0.001
0.032	0.001	0.928	0.039
0.196	0.276	0.205	0.323
0.460	0.223	0.062	0.256
>WNCTTGNNNNNCAMG	ANAC016(NAC)/col-ANAC016-DAP-Seq(GSE60143)/Homer	6.441480	-23992.011300	0	T:12242.0(78.01%),B:2411.5(7.33%),P:1e-10419
0.291	0.090	0.196	0.423
0.338	0.233	0.230	0.199
0.001	0.962	0.001	0.036
0.001	0.001	0.391	0.607
0.001	0.001	0.001	0.997
0.121	0.122	0.656	0.101
0.265	0.218	0.239	0.277
0.257	0.216	0.230	0.297
0.228	0.269	0.280	0.224
0.317	0.228	0.217	0.238
0.296	0.238	0.208	0.258
0.101	0.632	0.143	0.124
0.997	0.001	0.001	0.001
0.572	0.426	0.001	0.001
0.064	0.001	0.835	0.100
>TMCTTGNNNNNCAAG	ANAC017(NAC)/colamp-ANAC017-DAP-Seq(GSE60143)/Homer	8.590694	-4713.869242	0	T:2295.0(19.22%),B:380.2(1.05%),P:1e-2047
0.282	0.001	0.264	0.452
0.363	0.277	0.167	0.193
0.001	0.997	0.001	0.001
0.001	0.001	0.320	0.678
0.001	0.001	0.001	0.997
0.001	0.001	0.997	0.001
0.229	0.232	0.211	0.328
0.267	0.195	0.250	0.288
0.223	0.258	0.270	0.249
0.280	0.254	0.195	0.271
0.314	0.233	0.226	0.227
0.001	0.997	0.001	0.001
0.997	0.001	0.001	0.001
0.671	0.327	0.001	0.001
0.001	0.001	0.997	0.001
>DVCKTGHNNNDCAAG	ANAC020(NAC)/col-ANAC020-DAP-Seq(GSE60143)/Homer	7.023635	-12768.652626	0	T:5984.0(75.69%),B:2333.0(5.80%),P:1e-5545
0.329	0.023	0.256	0.392
0.343	0.201	0.264	0.193
0.020	0.962	0.001	0.017
0.001	0.002	0.431	0.566
0.001	0.001	0.001	0.997
0.213	0.184	0.459	0.144
0.294	0.209	0.171	0.326
0.264	0.247	0.218	0.271
0.269	0.247	0.229	0.255
0.290	0.224	0.226	0.260
0.356	0.165	0.207	0.273
0.138	0.466	0.188	0.208
0.997	0.001	0.001	0.001
0.576	0.419	0.003	0.002
0.039	0.001	0.892	0.068
>WRCTTGNNNNNCAAG	ANAC028(NAC)/col-ANAC028-DAP-Seq(GSE60143)/Homer	7.006259	-12141.699962	0	T:6103.0(74.78%),B:2614.5(6.58%),P:1e-5273
0.320	0.028	0.246	0.406
0.346	0.189	0.278	0.187
0.017	0.948	0.001	0.034
0.001	0.009	0.376	0.614
0.001	0.001	0.001	0.997
0.208	0.199	0.439	0.154
0.302	0.201	0.199	0.299
0.276	0.211	0.229	0.284
0.277	0.232	0.233	0.258
0.300	0.211	0.223	0.266
0.315	0.189	0.192	0.303
0.157	0.434	0.215	0.194
0.997	0.001	0.001	0.001
0.660	0.330	0.006	0.004
0.063	0.001	0.877	0.059
>ACACGTWAYC	ANAC038(NAC)/col-ANAC038-DAP-Seq(GSE60143)/Homer	5.299331	-4812.967853	0	T:4931.0(79.84%),B:8369.1(21.35%),P:1e-2090
0.494	0.064	0.294	0.149
0.001	0.783	0.079	0.137
0.997	0.001	0.001	0.001
0.386	0.612	0.001	0.001
0.001	0.001	0.988	0.010
0.118	0.293	0.057	0.532
0.428	0.246	0.005	0.322
0.884	0.002	0.006	0.108
0.153	0.300	0.134	0.414
0.097	0.536	0.150	0.217
>CGTNDHNDHNACGKY	ANAC042(NAC)/col-ANAC042-DAP-Seq(GSE60143)/Homer	4.802105	-2749.923567	0	T:2892.0(47.33%),B:3873.4(10.11%),P:1e-1194
0.001	0.997	0.001	0.001
0.001	0.001	0.986	0.012
0.001	0.001	0.289	0.709
0.251	0.209	0.278	0.261
0.369	0.084	0.292	0.254
0.342	0.245	0.119	0.294
0.255	0.221	0.226	0.299
0.268	0.146	0.244	0.342
0.246	0.318	0.080	0.356
0.242	0.254	0.234	0.271
0.697	0.301	0.001	0.001
0.002	0.996	0.001	0.001
0.001	0.001	0.997	0.001
0.074	0.207	0.422	0.297
0.223	0.447	0.004	0.326
>DNCKTVNNNNNNAMG	ANAC045(NAC)/col-ANAC045-DAP-Seq(GSE60143)/Homer	5.956984	-11825.994176	0	T:9046.0(76.64%),B:5091.7(13.94%),P:1e-5135
0.316	0.001	0.321	0.362
0.315	0.219	0.252	0.214
0.001	0.997	0.001	0.001
0.001	0.073	0.397	0.529
0.001	0.001	0.001	0.997
0.225	0.217	0.358	0.201
0.273	0.217	0.231	0.278
0.286	0.228	0.219	0.267
0.269	0.236	0.230	0.265
0.290	0.213	0.231	0.266
0.274	0.229	0.218	0.279
0.202	0.325	0.235	0.237
0.997	0.001	0.001	0.001
0.453	0.348	0.198	0.001
0.001	0.001	0.997	0.001
>ACACGYWAYC	ANAC046(NAC)/colamp-ANAC046-DAP-Seq(GSE60143)/Homer	5.354702	-9597.301977	0	T:9995.0(76.33%),B:6815.4(20.04%),P:1e-4168
0.502	0.048	0.242	0.208
0.005	0.719	0.091	0.185
0.997	0.001	0.001	0.001
0.355	0.643	0.001	0.001
0.019	0.001	0.979	0.001
0.093	0.352	0.115	0.440
0.420	0.162	0.017	0.401
0.906	0.001	0.002	0.091
0.166	0.373	0.111	0.351
0.128	0.480	0.128	0.265
>WACACGTAACTT	ANAC047(NAC)/colamp-ANAC047-DAP-Seq(GSE60143)/Homer	6.050844	-1365.633899	0	T:787.0(79.41%),B:4083.8(9.59%),P:1e-593
0.250	0.164	0.211	0.375
0.502	0.056	0.159	0.283
0.019	0.588	0.078	0.315
0.994	0.001	0.004	0.001
0.028	0.939	0.005	0.028
0.019	0.005	0.971	0.005
0.089	0.245	0.136	0.530
0.542	0.314	0.023	0.121
0.655	0.001	0.004	0.340
0.019	0.562	0.108	0.311
0.068	0.361	0.037	0.534
0.237	0.150	0.208	0.406
>WNCTTGNNNNNCAAG	ANAC050(NAC)/colamp-ANAC050-DAP-Seq(GSE60143)/Homer	7.035950	-20972.041309	0	T:8846.0(79.22%),B:1845.8(4.97%),P:1e-9107
0.323	0.040	0.200	0.437
0.348	0.221	0.229	0.201
0.025	0.942	0.001	0.032
0.001	0.008	0.346	0.645
0.001	0.001	0.001	0.997
0.177	0.154	0.562	0.107
0.258	0.218	0.205	0.319
0.272	0.205	0.262	0.261
0.273	0.232	0.239	0.256
0.279	0.254	0.205	0.263
0.323	0.206	0.223	0.248
0.106	0.538	0.163	0.193
0.997	0.001	0.001	0.001
0.631	0.354	0.013	0.002
0.043	0.001	0.901	0.055
>TDCTTGNNNNNCAAG	ANAC053(NAC)/colamp-ANAC053-DAP-Seq(GSE60143)/Homer	7.131167	-15361.706907	0	T:6221.0(82.91%),B:2010.1(4.93%),P:1e-6671
0.279	0.037	0.243	0.441
0.333	0.166	0.210	0.290
0.026	0.954	0.001	0.019
0.001	0.003	0.326	0.670
0.001	0.001	0.001	0.997
0.183	0.141	0.564	0.112
0.239	0.233	0.210	0.318
0.245	0.215	0.250	0.290
0.239	0.264	0.278	0.219
0.326	0.233	0.219	0.221
0.340	0.213	0.217	0.230
0.115	0.525	0.155	0.205
0.997	0.001	0.001	0.001
0.643	0.343	0.013	0.001
0.050	0.001	0.865	0.084
>DVCKTGNNNNNCAMG	ANAC057(NAC)/colamp-ANAC057-DAP-Seq(GSE60143)/Homer	6.583196	-11483.993448	0	T:4909.0(89.86%),B:2854.8(6.75%),P:1e-4987
0.267	0.091	0.256	0.386
0.277	0.218	0.340	0.165
0.136	0.846	0.002	0.016
0.001	0.001	0.447	0.551
0.001	0.001	0.001	0.997
0.233	0.134	0.500	0.133
0.270	0.197	0.209	0.323
0.278	0.213	0.244	0.264
0.265	0.251	0.239	0.245
0.293	0.232	0.204	0.271
0.318	0.185	0.207	0.290
0.126	0.480	0.170	0.224
0.997	0.001	0.001	0.001
0.552	0.446	0.001	0.001
0.027	0.007	0.813	0.153
>TWCTTGTDNNACAAG	ANAC058(NAC)/col-ANAC058-DAP-Seq(GSE60143)/Homer	6.192815	-10283.893695	0	T:6432.0(48.57%),B:1754.8(5.14%),P:1e-4466
0.305	0.001	0.122	0.572
0.442	0.103	0.142	0.313
0.001	0.997	0.001	0.001
0.001	0.001	0.271	0.727
0.001	0.001	0.001	0.997
0.184	0.088	0.692	0.036
0.259	0.176	0.080	0.485
0.313	0.160	0.237	0.289
0.281	0.237	0.218	0.264
0.291	0.251	0.174	0.284
0.500	0.070	0.167	0.264
0.029	0.715	0.091	0.165
0.997	0.001	0.001	0.001
0.729	0.269	0.001	0.001
0.001	0.001	0.997	0.001
>TACTTANTNWNYAAG	ANAC062(NAC)/colamp-ANAC062-DAP-Seq(GSE60143)/Homer	4.561624	-12015.829058	0	T:4508.0(76.63%),B:1439.7(3.46%),P:1e-5218
0.318	0.001	0.001	0.680
0.389	0.159	0.222	0.230
0.001	0.997	0.001	0.001
0.001	0.001	0.001	0.997
0.001	0.001	0.001	0.997
0.481	0.226	0.292	0.001
0.310	0.263	0.231	0.196
0.235	0.213	0.155	0.398
0.282	0.237	0.226	0.256
0.381	0.167	0.212	0.240
0.183	0.238	0.276	0.303
0.001	0.338	0.200	0.461
0.997	0.001	0.001	0.001
0.997	0.001	0.001	0.001
0.001	0.001	0.997	0.001
>CTTRHDNHNBAAGHW	ANAC070(NAC)/colamp-ANAC070-DAP-Seq(GSE60143)/Homer	6.408484	-15121.374026	0	T:10357.0(73.56%),B:3774.9(11.05%),P:1e-6567
0.195	0.782	0.001	0.022
0.001	0.001	0.417	0.581
0.001	0.001	0.001	0.997
0.298	0.189	0.372	0.141
0.337	0.189	0.181	0.294
0.355	0.165	0.219	0.261
0.291	0.207	0.208	0.294
0.260	0.222	0.171	0.347
0.291	0.190	0.187	0.333
0.156	0.357	0.209	0.279
0.997	0.001	0.001	0.001
0.622	0.376	0.001	0.001
0.002	0.001	0.958	0.039
0.214	0.284	0.165	0.337
0.455	0.191	0.022	0.332
>DNCKTNDNNNHNAAG	ANAC071(NAC)/col-ANAC071-DAP-Seq(GSE60143)/Homer	7.039047	-11673.941095	0	T:8644.0(57.20%),B:2770.5(8.39%),P:1e-5069
0.360	0.001	0.274	0.365
0.352	0.207	0.237	0.204
0.001	0.997	0.001	0.001
0.001	0.001	0.494	0.504
0.001	0.001	0.001	0.997
0.233	0.237	0.318	0.212
0.342	0.173	0.218	0.267
0.280	0.236	0.215	0.270
0.274	0.231	0.223	0.272
0.276	0.206	0.238	0.279
0.261	0.225	0.175	0.339
0.209	0.319	0.244	0.228
0.997	0.001	0.001	0.001
0.598	0.400	0.001	0.001
0.001	0.001	0.997	0.001
>CTTSWWNWWSAAGYT	ANAC075(NAC)/col-ANAC075-DAP-Seq(GSE60143)/Homer	5.830186	-6695.609603	0	T:2930.0(66.86%),B:1732.6(4.02%),P:1e-2907
0.001	0.997	0.001	0.001
0.001	0.001	0.211	0.787
0.001	0.001	0.001	0.997
0.084	0.404	0.511	0.001
0.439	0.050	0.001	0.510
0.283	0.190	0.173	0.354
0.185	0.330	0.297	0.187
0.360	0.184	0.170	0.285
0.504	0.001	0.040	0.455
0.001	0.512	0.377	0.110
0.997	0.001	0.001	0.001
0.731	0.267	0.001	0.001
0.001	0.001	0.995	0.003
0.216	0.452	0.019	0.313
0.195	0.118	0.001	0.686
>TACACGCAACCT	ANAC079(NAC)/colamp-ANAC079-DAP-Seq(GSE60143)/Homer	6.391972	-1508.189933	0	T:718.0(68.25%),B:2218.0(5.04%),P:1e-654
0.211	0.210	0.139	0.441
0.855	0.008	0.054	0.083
0.001	0.932	0.007	0.060
0.997	0.001	0.001	0.001
0.124	0.874	0.001	0.001
0.001	0.001	0.991	0.007
0.049	0.669	0.015	0.267
0.626	0.100	0.023	0.251
0.969	0.001	0.001	0.029
0.183	0.489	0.115	0.213
0.206	0.573	0.115	0.106
0.213	0.098	0.219	0.470
>CKTRWNNNWYAMGTA	ANAC083(NAC)/col-ANAC083-DAP-Seq(GSE60143)/Homer	6.389784	-11232.468760	0	T:7290.0(61.38%),B:2591.2(7.60%),P:1e-4878
0.114	0.834	0.008	0.044
0.007	0.013	0.523	0.457
0.001	0.001	0.001	0.997
0.303	0.150	0.433	0.113
0.289	0.171	0.124	0.416
0.324	0.184	0.213	0.279
0.261	0.216	0.225	0.299
0.275	0.208	0.190	0.327
0.410	0.122	0.175	0.293
0.116	0.402	0.159	0.324
0.997	0.001	0.001	0.001
0.467	0.525	0.005	0.003
0.031	0.002	0.896	0.071
0.177	0.243	0.168	0.412
0.541	0.157	0.008	0.294
>WVCKTGHNNNWCAMG	ANAC087(NAC)/col-ANAC087-DAP-Seq(GSE60143)/Homer	7.390379	-4283.185556	0	T:1570.0(68.86%),B:1178.5(2.70%),P:1e-1860
0.290	0.043	0.235	0.432
0.339	0.229	0.288	0.144
0.035	0.947	0.001	0.017
0.001	0.002	0.571	0.426
0.001	0.001	0.001	0.997
0.278	0.148	0.479	0.095
0.288	0.219	0.164	0.329
0.292	0.260	0.227	0.221
0.282	0.235	0.227	0.256
0.252	0.231	0.215	0.302
0.385	0.142	0.229	0.245
0.085	0.509	0.140	0.266
0.997	0.001	0.001	0.001
0.450	0.546	0.002	0.002
0.006	0.001	0.950	0.043
>WRCKTGWNNNWCAMG	ANAC092(NAC)/colamp-ANAC092-DAP-Seq(GSE60143)/Homer	7.184450	-7261.103787	0	T:3871.0(50.94%),B:1605.7(4.10%),P:1e-3153
0.315	0.029	0.227	0.429
0.363	0.186	0.281	0.170
0.040	0.940	0.001	0.019
0.002	0.002	0.497	0.499
0.001	0.001	0.001	0.997
0.258	0.173	0.456	0.113
0.269	0.205	0.146	0.380
0.294	0.221	0.214	0.271
0.258	0.257	0.245	0.240
0.263	0.223	0.216	0.297
0.378	0.156	0.207	0.259
0.096	0.494	0.149	0.261
0.997	0.001	0.001	0.001
0.490	0.499	0.006	0.005
0.016	0.001	0.906	0.077
>DVCGTRNNNNNYACG	ANAC094(NAC)/col-ANAC094-DAP-Seq(GSE60143)/Homer	4.814905	-1221.074694	0	T:608.0(82.38%),B:3222.9(7.80%),P:1e-530
0.374	0.020	0.343	0.263
0.359	0.259	0.243	0.139
0.001	0.997	0.001	0.001
0.001	0.001	0.997	0.001
0.001	0.001	0.019	0.979
0.275	0.179	0.391	0.155
0.267	0.207	0.235	0.291
0.255	0.235	0.227	0.283
0.263	0.239	0.227	0.271
0.239	0.291	0.223	0.247
0.243	0.239	0.227	0.291
0.155	0.359	0.147	0.339
0.931	0.067	0.001	0.001
0.001	0.997	0.001	0.001
0.001	0.001	0.997	0.001
>TACTTGWNNNWCAAG	ANAC096(NAC)/colamp-ANAC096-DAP-Seq(GSE60143)/Homer	7.289146	-4312.285996	0	T:1842.0(87.92%),B:2899.3(6.40%),P:1e-1872
0.325	0.001	0.112	0.562
0.389	0.191	0.217	0.204
0.001	0.997	0.001	0.001
0.001	0.001	0.256	0.742
0.001	0.001	0.001	0.997
0.189	0.204	0.476	0.132
0.361	0.185	0.170	0.285
0.261	0.210	0.266	0.263
0.261	0.227	0.266	0.246
0.257	0.230	0.195	0.318
0.304	0.168	0.182	0.346
0.138	0.416	0.221	0.225
0.997	0.001	0.001	0.001
0.702	0.296	0.001	0.001
0.001	0.001	0.997	0.001
>AACTTGNWNWNCAAG	ANAC103(NAC)/col-ANAC103-DAP-Seq(GSE60143)/Homer	7.462782	-12125.799550	0	T:4500.0(82.37%),B:1654.9(3.88%),P:1e-5266
0.454	0.064	0.286	0.197
0.470	0.132	0.277	0.122
0.150	0.834	0.005	0.011
0.001	0.002	0.330	0.667
0.001	0.001	0.001	0.997
0.133	0.155	0.579	0.133
0.209	0.224	0.267	0.299
0.270	0.159	0.207	0.365
0.237	0.252	0.272	0.240
0.375	0.214	0.155	0.256
0.259	0.269	0.224	0.247
0.141	0.568	0.150	0.141
0.997	0.001	0.001	0.001
0.702	0.288	0.009	0.001
0.026	0.003	0.818	0.153
>CATTAATTGC	ANL2(HB)/col-ANL2-DAP-Seq(GSE60143)/Homer	5.314332	-6763.845095	0	T:6451.0(77.61%),B:7288.4(18.77%),P:1e-2937
0.032	0.931	0.001	0.036
0.997	0.001	0.001	0.001
0.001	0.001	0.001	0.997
0.001	0.001	0.001	0.997
0.896	0.001	0.002	0.101
0.997	0.001	0.001	0.001
0.182	0.008	0.001	0.809
0.003	0.001	0.026	0.970
0.273	0.005	0.685	0.037
0.063	0.797	0.029	0.111
>NKGMCACGTGDCMNN	AREB3(bZIP)/col-AREB3-DAP-Seq(GSE60143)/Homer	7.215395	-10726.508484	0	T:4223.0(91.47%),B:2170.7(5.77%),P:1e-4658
0.303	0.199	0.201	0.298
0.213	0.164	0.247	0.375
0.119	0.032	0.574	0.275
0.469	0.515	0.008	0.008
0.001	0.997	0.001	0.001
0.997	0.001	0.001	0.001
0.001	0.995	0.003	0.001
0.001	0.012	0.986	0.001
0.001	0.001	0.001	0.997
0.121	0.306	0.569	0.004
0.347	0.013	0.314	0.326
0.171	0.443	0.153	0.233
0.297	0.353	0.156	0.195
0.330	0.191	0.191	0.288
0.309	0.191	0.194	0.306
>ATTTTACGAT	ARF16(ARF)/col-ARF16-DAP-Seq(GSE60143)/Homer	6.762513	-454.453486	0	T:269.0(55.69%),B:2211.5(5.71%),P:1e-197
0.515	0.001	0.244	0.240
0.261	0.001	0.106	0.632
0.001	0.001	0.001	0.997
0.001	0.001	0.001	0.997
0.001	0.001	0.001	0.997
0.906	0.001	0.092	0.001
0.001	0.997	0.001	0.001
0.001	0.001	0.997	0.001
0.733	0.001	0.092	0.174
0.184	0.184	0.229	0.403
>TTGTCGGMWN	ARF2(ARF)/col-ARF2-DAP-Seq(GSE60143)/Homer	4.256346	-4231.480071	0	T:5560.0(47.71%),B:4673.8(12.73%),P:1e-1837
0.217	0.203	0.104	0.476
0.001	0.001	0.001	0.997
0.001	0.001	0.997	0.001
0.001	0.001	0.001	0.997
0.001	0.997	0.001	0.001
0.001	0.001	0.654	0.344
0.001	0.101	0.897	0.001
0.377	0.312	0.112	0.199
0.311	0.110	0.202	0.377
0.318	0.182	0.214	0.286
>CCGDAAWWHMCGSCG	AS2(LOBAS2)/col-AS2-DAP-Seq(GSE60143)/Homer	8.627239	-476.698133	0	T:277.0(57.47%),B:2346.0(5.77%),P:1e-207
0.154	0.550	0.270	0.026
0.025	0.973	0.001	0.001
0.167	0.001	0.717	0.115
0.206	0.193	0.257	0.344
0.447	0.180	0.244	0.129
0.541	0.061	0.154	0.244
0.395	0.064	0.167	0.373
0.373	0.177	0.039	0.412
0.203	0.296	0.154	0.347
0.241	0.386	0.193	0.180
0.001	0.997	0.001	0.001
0.001	0.001	0.997	0.001
0.001	0.424	0.537	0.038
0.001	0.910	0.012	0.077
0.089	0.001	0.909	0.001
>NTGGTGAN	ASHR1(ND)/col-ASHR1-DAP-Seq(GSE60143)/Homer	4.563084	-392.474949	0	T:259.0(83.55%),B:5681.9(13.38%),P:1e-170
0.320	0.199	0.259	0.223
0.184	0.133	0.159	0.524
0.150	0.134	0.550	0.166
0.123	0.149	0.597	0.131
0.129	0.115	0.113	0.643
0.154	0.134	0.543	0.169
0.580	0.133	0.131	0.156
0.211	0.308	0.236	0.245
>CCGGAAAWTCMGGAR	ASL18(LOBAS2)/colamp-ASL18-DAP-Seq(GSE60143)/Homer	5.604998	-4568.180119	0	T:4023.0(70.53%),B:5610.4(14.54%),P:1e-1983
0.048	0.618	0.293	0.041
0.082	0.894	0.005	0.019
0.219	0.047	0.516	0.218
0.101	0.172	0.565	0.162
0.744	0.004	0.153	0.099
0.538	0.013	0.189	0.260
0.480	0.102	0.099	0.318
0.396	0.112	0.015	0.477
0.141	0.178	0.187	0.495
0.265	0.417	0.230	0.088
0.282	0.410	0.100	0.207
0.001	0.001	0.963	0.035
0.046	0.253	0.678	0.023
0.551	0.254	0.060	0.135
0.335	0.090	0.393	0.182
>YCACCGACAHTW	AT1G01250(AP2EREBP)/col-AT1G01250-DAP-Seq(GSE60143)/Homer	7.057693	-1800.874730	0	T:532.0(73.38%),B:686.9(1.56%),P:1e-782
0.092	0.432	0.188	0.289
0.001	0.997	0.001	0.001
0.981	0.001	0.017	0.001
0.001	0.997	0.001	0.001
0.001	0.997	0.001	0.001
0.001	0.001	0.997	0.001
0.990	0.001	0.001	0.008
0.001	0.997	0.001	0.001
0.943	0.019	0.037	0.001
0.240	0.353	0.125	0.282
0.289	0.120	0.139	0.452
0.368	0.131	0.144	0.356
>AAACTATATADTATA	AT1G04880(ARID)/colamp-AT1G04880-DAP-Seq(GSE60143)/Homer	8.076533	-2015.820576	0	T:1580.0(69.51%),B:4462.7(12.24%),P:1e-875
0.765	0.039	0.036	0.160
0.557	0.016	0.066	0.361
0.997	0.001	0.001	0.001
0.052	0.682	0.130	0.136
0.007	0.364	0.001	0.628
0.857	0.001	0.003	0.139
0.001	0.001	0.001	0.997
0.981	0.001	0.017	0.001
0.001	0.068	0.125	0.806
0.623	0.029	0.107	0.241
0.346	0.087	0.213	0.354
0.001	0.001	0.001	0.997
0.997	0.001	0.001	0.001
0.255	0.001	0.010	0.734
0.739	0.033	0.139	0.089
>TTCTAGAAKCTTCTA	AT1G10720(BSD)/col-AT1G10720-DAP-Seq(GSE60143)/Homer	11.201825	-858.860705	0	T:169.0(66.02%),B:107.0(0.24%),P:1e-372
0.186	0.047	0.070	0.697
0.001	0.001	0.001	0.997
0.022	0.976	0.001	0.001
0.001	0.115	0.001	0.883
0.860	0.001	0.138	0.001
0.001	0.001	0.997	0.001
0.997	0.001	0.001	0.001
0.814	0.001	0.115	0.070
0.117	0.163	0.372	0.348
0.278	0.443	0.209	0.070
0.138	0.001	0.001	0.860
0.001	0.001	0.001	0.997
0.001	0.997	0.001	0.001
0.023	0.325	0.069	0.583
0.534	0.094	0.209	0.163
>TGTCGGCA	AT1G12630(AP2EREBP)/colamp-AT1G12630-DAP-Seq(GSE60143)/Homer	5.785960	-17941.532726	0	T:8050.0(76.64%),B:1944.0(5.39%),P:1e-7791
0.033	0.070	0.001	0.896
0.001	0.001	0.997	0.001
0.033	0.001	0.012	0.954
0.001	0.997	0.001	0.001
0.001	0.001	0.997	0.001
0.011	0.001	0.987	0.001
0.001	0.698	0.012	0.289
0.732	0.054	0.109	0.105
>GAATCTWAGATTCYN	At1g13300(G2like)/col-At1g13300-DAP-Seq(GSE60143)/Homer	10.563557	-1108.972134	0	T:254.0(28.77%),B:70.4(0.16%),P:1e-481
0.001	0.001	0.997	0.001
0.516	0.039	0.180	0.265
0.997	0.001	0.001	0.001
0.001	0.001	0.001	0.997
0.054	0.944	0.001	0.001
0.180	0.234	0.101	0.484
0.344	0.125	0.133	0.398
0.430	0.094	0.273	0.203
0.015	0.001	0.891	0.093
0.997	0.001	0.001	0.001
0.001	0.001	0.001	0.997
0.203	0.180	0.023	0.594
0.001	0.997	0.001	0.001
0.141	0.297	0.195	0.367
0.266	0.180	0.273	0.281
>CASAAAAMGACAAAA	At1g14580(C2H2)/colamp-At1g14580-DAP-Seq(GSE60143)/Homer	8.903577	-3818.783361	0	T:1482.0(75.38%),B:1661.8(3.68%),P:1e-1658
0.278	0.435	0.086	0.202
0.667	0.015	0.301	0.017
0.127	0.418	0.380	0.075
0.736	0.001	0.032	0.231
0.757	0.002	0.001	0.240
0.709	0.060	0.212	0.019
0.760	0.163	0.067	0.010
0.355	0.457	0.104	0.084
0.040	0.001	0.947	0.012
0.939	0.059	0.001	0.001
0.001	0.997	0.001	0.001
0.997	0.001	0.001	0.001
0.980	0.001	0.018	0.001
0.849	0.022	0.107	0.022
0.645	0.079	0.118	0.158
>WWTGGATAADDT	At1g19000(MYBrelated)/colamp-At1g19000-DAP-Seq(GSE60143)/Homer	6.731640	-23002.136188	0	T:14819.0(86.50%),B:4127.0(13.72%),P:1e-9989
0.418	0.063	0.092	0.427
0.383	0.102	0.168	0.346
0.196	0.166	0.028	0.610
0.243	0.001	0.745	0.011
0.001	0.001	0.997	0.001
0.997	0.001	0.001	0.001
0.001	0.001	0.001	0.997
0.811	0.082	0.039	0.068
0.744	0.001	0.103	0.152
0.252	0.155	0.346	0.247
0.314	0.169	0.332	0.185
0.257	0.201	0.121	0.421
>CTTGNDNHNCAAGYW	AT1G19040(NAC)/col-AT1G19040-DAP-Seq(GSE60143)/Homer	8.667343	-3201.357802	0	T:814.0(81.89%),B:515.3(1.11%),P:1e-1390
0.002	0.996	0.001	0.001
0.001	0.001	0.255	0.743
0.001	0.001	0.001	0.997
0.055	0.058	0.842	0.045
0.201	0.302	0.250	0.247
0.247	0.172	0.334	0.247
0.201	0.289	0.312	0.198
0.240	0.361	0.162	0.237
0.273	0.257	0.289	0.182
0.045	0.838	0.072	0.045
0.997	0.001	0.001	0.001
0.759	0.239	0.001	0.001
0.001	0.001	0.996	0.002
0.101	0.298	0.169	0.432
0.441	0.231	0.013	0.315
>HCACCGACCAHN	At1g19210(AP2EREBP)/colamp-At1g19210-DAP-Seq(GSE60143)/Homer	5.501091	-18342.745262	0	T:12981.0(89.26%),B:5628.4(16.99%),P:1e-7966
0.227	0.278	0.165	0.330
0.215	0.474	0.082	0.229
0.592	0.001	0.243	0.164
0.001	0.997	0.001	0.001
0.001	0.997	0.001	0.001
0.001	0.001	0.997	0.001
0.543	0.026	0.108	0.323
0.001	0.997	0.001	0.001
0.325	0.541	0.017	0.117
0.496	0.105	0.080	0.319
0.312	0.223	0.133	0.332
0.292	0.196	0.199	0.313
>THAATTRAWN	AT1G20910(ARID)/col-AT1G20910-DAP-Seq(GSE60143)/Homer	6.230875	-1944.094657	0	T:9398.0(87.97%),B:21837.8(60.91%),P:1e-844
0.133	0.254	0.204	0.409
0.366	0.244	0.103	0.287
0.785	0.001	0.213	0.001
0.997	0.001	0.001	0.001
0.001	0.001	0.001	0.997
0.001	0.386	0.001	0.612
0.459	0.001	0.500	0.040
0.764	0.001	0.234	0.001
0.377	0.071	0.223	0.329
0.189	0.270	0.220	0.322
>BCACCGACANNN	At1g22810(AP2EREBP)/colamp-At1g22810-DAP-Seq(GSE60143)/Homer	6.793141	-8296.429635	0	T:4035.0(86.37%),B:3356.0(8.19%),P:1e-3603
0.168	0.369	0.230	0.234
0.137	0.671	0.072	0.120
0.792	0.002	0.173	0.033
0.002	0.984	0.007	0.007
0.027	0.970	0.001	0.002
0.012	0.002	0.984	0.002
0.758	0.083	0.050	0.109
0.022	0.969	0.007	0.002
0.570	0.177	0.161	0.092
0.317	0.219	0.174	0.291
0.325	0.186	0.196	0.293
0.266	0.213	0.258	0.263
>TTCTAGAAGSTTCTA	AT1G23810(Orphan)/col-AT1G23810-DAP-Seq(GSE60143)/Homer	10.628566	-1602.322960	0	T:333.0(77.99%),B:184.0(0.42%),P:1e-695
0.167	0.136	0.121	0.576
0.030	0.030	0.001	0.939
0.136	0.682	0.106	0.076
0.045	0.242	0.151	0.562
0.803	0.030	0.166	0.001
0.001	0.001	0.997	0.001
0.997	0.001	0.001	0.001
0.833	0.001	0.090	0.076
0.257	0.167	0.424	0.152
0.212	0.410	0.273	0.106
0.090	0.001	0.001	0.908
0.044	0.001	0.001	0.954
0.030	0.954	0.001	0.015
0.030	0.197	0.061	0.712
0.574	0.137	0.167	0.122
>KTDGTTGGTDGTTGG	AT1G24250(Orphan)/col-AT1G24250-DAP-Seq(GSE60143)/Homer	7.788263	-1800.194561	0	T:1001.0(44.83%),B:1638.1(3.76%),P:1e-781
0.179	0.043	0.450	0.327
0.087	0.095	0.075	0.743
0.336	0.023	0.355	0.285
0.033	0.001	0.913	0.053
0.028	0.001	0.225	0.746
0.030	0.001	0.007	0.962
0.250	0.001	0.701	0.048
0.049	0.003	0.784	0.164
0.133	0.049	0.056	0.762
0.409	0.020	0.282	0.289
0.023	0.001	0.974	0.002
0.059	0.003	0.245	0.693
0.056	0.001	0.007	0.936
0.291	0.001	0.578	0.130
0.225	0.077	0.467	0.232
>NAGATTCY	At1g25550(G2like)/colamp-At1g25550-DAP-Seq(GSE60143)/Homer	6.913996	-4065.559360	0	T:2909.0(81.28%),B:5735.5(14.17%),P:1e-1765
0.280	0.267	0.178	0.275
0.997	0.001	0.001	0.001
0.001	0.001	0.778	0.220
0.997	0.001	0.001	0.001
0.351	0.001	0.001	0.647
0.001	0.001	0.001	0.997
0.001	0.997	0.001	0.001
0.001	0.397	0.059	0.543
>GGCGGCGG	AT1G28160(AP2EREBP)/colamp-AT1G28160-DAP-Seq(GSE60143)/Homer	4.539721	-4571.216296	0	T:8151.0(88.69%),B:14269.9(41.03%),P:1e-1985
0.084	0.001	0.819	0.096
0.191	0.001	0.770	0.038
0.001	0.997	0.001	0.001
0.001	0.001	0.986	0.012
0.001	0.001	0.997	0.001
0.053	0.945	0.001	0.001
0.027	0.010	0.916	0.047
0.071	0.105	0.781	0.043
>NNWWKGTCGGTG	At1g36060(AP2EREBP)/colamp-At1g36060-DAP-Seq(GSE60143)/Homer	6.609848	-4801.847695	0	T:2826.0(84.06%),B:4701.1(11.11%),P:1e-2085
0.311	0.179	0.239	0.271
0.293	0.177	0.208	0.322
0.355	0.133	0.189	0.323
0.315	0.090	0.191	0.405
0.182	0.065	0.399	0.355
0.001	0.001	0.997	0.001
0.231	0.049	0.137	0.583
0.001	0.991	0.002	0.006
0.001	0.006	0.992	0.001
0.020	0.004	0.974	0.002
0.009	0.275	0.001	0.715
0.091	0.111	0.609	0.189
>NCCACCGACA	AT1G44830(AP2EREBP)/col-AT1G44830-DAP-Seq(GSE60143)/Homer	7.745603	-2419.376586	0	T:1387.0(84.83%),B:4456.8(10.83%),P:1e-1050
0.191	0.331	0.190	0.289
0.079	0.418	0.257	0.246
0.001	0.997	0.001	0.001
0.997	0.001	0.001	0.001
0.001	0.997	0.001	0.001
0.001	0.997	0.001	0.001
0.001	0.001	0.997	0.001
0.680	0.119	0.044	0.157
0.001	0.997	0.001	0.001
0.516	0.001	0.180	0.303
>YHACTTTTTS	AT1G47655(C2C2dof)/colamp-AT1G47655-DAP-Seq(GSE60143)/Homer	4.817905	-2869.923649	0	T:6415.0(92.12%),B:19735.4(50.34%),P:1e-1246
0.190	0.385	0.126	0.300
0.336	0.275	0.005	0.384
0.531	0.164	0.250	0.055
0.001	0.997	0.001	0.001
0.001	0.001	0.001	0.997
0.001	0.001	0.001	0.997
0.001	0.001	0.001	0.997
0.326	0.001	0.001	0.672
0.047	0.076	0.087	0.790
0.111	0.306	0.388	0.195
>RGATAASNTT	At1g49010(MYBrelated)/col-At1g49010-DAP-Seq(GSE60143)/Homer	5.732286	-18065.360549	0	T:17226.0(83.92%),B:5670.8(21.72%),P:1e-7845
0.357	0.061	0.498	0.084
0.001	0.001	0.997	0.001
0.967	0.021	0.007	0.005
0.020	0.001	0.001	0.978
0.877	0.032	0.040	0.051
0.750	0.011	0.165	0.074
0.177	0.264	0.380	0.178
0.233	0.234	0.294	0.239
0.162	0.247	0.153	0.438
0.157	0.197	0.194	0.452
>GAWTCTNWDA	AT1G49560(G2like)/colamp-AT1G49560-DAP-Seq(GSE60143)/Homer	6.320695	-9780.148463	0	T:9773.0(82.49%),B:7573.9(22.10%),P:1e-4247
0.001	0.001	0.997	0.001
0.915	0.014	0.023	0.048
0.546	0.001	0.001	0.452
0.001	0.001	0.001	0.997
0.052	0.946	0.001	0.001
0.112	0.168	0.001	0.719
0.304	0.168	0.230	0.298
0.275	0.158	0.189	0.378
0.321	0.144	0.306	0.229
0.428	0.125	0.227	0.220
>CACTTTTT	At1g64620(C2C2dof)/colamp-At1g64620-DAP-Seq(GSE60143)/Homer	3.301389	-10398.958685	0	T:15436.0(72.76%),B:6591.4(25.46%),P:1e-4516
0.171	0.649	0.001	0.179
0.820	0.001	0.178	0.001
0.001	0.997	0.001	0.001
0.001	0.350	0.001	0.648
0.001	0.001	0.001	0.997
0.001	0.001	0.001	0.997
0.001	0.001	0.001	0.997
0.001	0.001	0.001	0.997
>WNWWHNRAAGATTCT	At1g68670(G2like)/colamp-At1g68670-DAP-Seq(GSE60143)/Homer	7.819977	-2488.919815	0	T:1534.0(72.56%),B:3795.1(9.13%),P:1e-1080
0.315	0.172	0.165	0.348
0.296	0.214	0.201	0.288
0.359	0.183	0.160	0.298
0.363	0.164	0.168	0.305
0.289	0.207	0.150	0.354
0.333	0.203	0.199	0.266
0.307	0.085	0.455	0.153
0.688	0.048	0.075	0.189
0.997	0.001	0.001	0.001
0.001	0.001	0.630	0.368
0.997	0.001	0.001	0.001
0.180	0.001	0.001	0.818
0.001	0.001	0.001	0.997
0.001	0.997	0.001	0.001
0.181	0.273	0.086	0.460
>WAAAAGTGHH	AT1G69570(C2C2dof)/col-AT1G69570-DAP-Seq(GSE60143)/Homer	6.466588	-5394.853084	0	T:6149.0(71.55%),B:6599.6(19.71%),P:1e-2342
0.422	0.055	0.188	0.335
0.554	0.001	0.051	0.394
0.997	0.001	0.001	0.001
0.997	0.001	0.001	0.001
0.997	0.001	0.001	0.001
0.001	0.001	0.997	0.001
0.001	0.091	0.082	0.826
0.282	0.001	0.716	0.001
0.339	0.355	0.022	0.284
0.337	0.281	0.059	0.323
>NHGTGGGGCCCACHW	At1g69690(TCP)/colamp-At1g69690-DAP-Seq(GSE60143)/Homer	8.274989	-2940.409281	0	T:699.0(83.41%),B:360.9(0.88%),P:1e-1276
0.314	0.222	0.204	0.260
0.271	0.240	0.156	0.333
0.168	0.179	0.526	0.127
0.119	0.164	0.145	0.572
0.177	0.056	0.527	0.240
0.001	0.001	0.979	0.019
0.024	0.001	0.947	0.028
0.222	0.128	0.406	0.243
0.020	0.888	0.001	0.091
0.001	0.997	0.001	0.001
0.001	0.943	0.001	0.055
0.991	0.001	0.007	0.001
0.004	0.867	0.032	0.097
0.305	0.350	0.094	0.251
0.380	0.215	0.124	0.282
>DHDWTGTCGGTG	AT1G71450(AP2EREBP)/col-AT1G71450-DAP-Seq(GSE60143)/Homer	4.853211	-11192.792539	0	T:13226.0(92.64%),B:11006.5(33.37%),P:1e-4860
0.306	0.143	0.252	0.298
0.297	0.272	0.103	0.328
0.336	0.156	0.198	0.310
0.397	0.040	0.243	0.320
0.167	0.119	0.050	0.664
0.001	0.001	0.997	0.001
0.214	0.012	0.196	0.578
0.001	0.997	0.001	0.001
0.001	0.001	0.997	0.001
0.001	0.001	0.997	0.001
0.064	0.391	0.001	0.544
0.217	0.015	0.656	0.112
>GGDCCCAC	At1g72010(TCP)/colamp-At1g72010-DAP-Seq(GSE60143)/Homer	7.134152	-6478.966423	0	T:1808.0(77.40%),B:575.4(1.40%),P:1e-2813
0.001	0.001	0.933	0.065
0.001	0.001	0.997	0.001
0.279	0.112	0.372	0.236
0.022	0.917	0.001	0.060
0.001	0.997	0.001	0.001
0.001	0.984	0.001	0.014
0.991	0.001	0.007	0.001
0.001	0.948	0.001	0.050
>NNWWAMCCTAAHWNN	AT1G72740(MYBrelated)/colamp-AT1G72740-DAP-Seq(GSE60143)/Homer	6.341744	-28215.478194	0	T:16700.0(93.82%),B:4073.7(14.57%),P:1e-12253
0.324	0.188	0.201	0.286
0.240	0.224	0.225	0.312
0.269	0.167	0.171	0.394
0.562	0.001	0.001	0.436
0.672	0.001	0.326	0.001
0.533	0.465	0.001	0.001
0.001	0.997	0.001	0.001
0.001	0.997	0.001	0.001
0.001	0.001	0.001	0.997
0.997	0.001	0.001	0.001
0.479	0.101	0.311	0.110
0.293	0.210	0.147	0.350
0.296	0.181	0.185	0.337
0.306	0.179	0.205	0.310
0.284	0.221	0.215	0.281
>YHTTATCCAWWT	At1g74840(MYBrelated)/col100-At1g74840-DAP-Seq(GSE60143)/Homer	5.821981	-11280.565139	0	T:8089.0(79.55%),B:4896.6(13.63%),P:1e-4899
0.182	0.348	0.112	0.359
0.271	0.346	0.105	0.277
0.034	0.044	0.001	0.921
0.006	0.010	0.014	0.970
0.997	0.001	0.001	0.001
0.001	0.001	0.001	0.997
0.001	0.997	0.001	0.001
0.001	0.935	0.001	0.063
0.790	0.003	0.072	0.135
0.361	0.210	0.051	0.378
0.504	0.032	0.013	0.451
0.314	0.092	0.037	0.557
>CACCGMCT	At1g75490(AP2EREBP)/colamp-At1g75490-DAP-Seq(GSE60143)/Homer	4.884929	-1622.256521	0	T:1943.0(87.96%),B:13398.8(30.05%),P:1e-704
0.138	0.760	0.051	0.051
0.950	0.001	0.048	0.001
0.001	0.997	0.001	0.001
0.001	0.997	0.001	0.001
0.001	0.001	0.997	0.001
0.478	0.328	0.001	0.194
0.141	0.533	0.046	0.280
0.279	0.165	0.018	0.538
>ATTTAATG	At1g76110(ARID)/colamp-At1g76110-DAP-Seq(GSE60143)/Homer	5.835185	-701.947976	0	T:1385.0(67.14%),B:11619.9(27.54%),P:1e-304
0.988	0.001	0.010	0.001
0.055	0.001	0.014	0.930
0.001	0.001	0.022	0.976
0.187	0.011	0.001	0.801
0.997	0.001	0.001	0.001
0.997	0.001	0.001	0.001
0.001	0.001	0.001	0.997
0.091	0.124	0.498	0.287
>AAAACCRGWW	AT1G76870(Trihelix)/col-AT1G76870-DAP-Seq(GSE60143)/Homer	7.402645	-531.614744	0	T:306.0(67.11%),B:2720.0(7.18%),P:1e-230
0.571	0.001	0.050	0.378
0.938	0.001	0.001	0.060
0.758	0.001	0.001	0.240
0.943	0.001	0.001	0.055
0.001	0.997	0.001	0.001
0.001	0.997	0.001	0.001
0.475	0.001	0.523	0.001
0.001	0.215	0.737	0.047
0.351	0.113	0.122	0.414
0.489	0.021	0.014	0.475
>ACGGTAAAAW	AT1G76880(Trihelix)/col-AT1G76880-DAP-Seq(GSE60143)/Homer	8.164862	-620.763787	0	T:346.0(70.47%),B:2814.9(7.33%),P:1e-269
0.586	0.080	0.305	0.029
0.218	0.518	0.067	0.197
0.332	0.068	0.599	0.001
0.001	0.001	0.997	0.001
0.001	0.001	0.001	0.997
0.802	0.001	0.001	0.196
0.997	0.001	0.001	0.001
0.997	0.001	0.001	0.001
0.665	0.001	0.001	0.333
0.463	0.093	0.092	0.352
>ACCGACAHWD	AT1G77200(AP2EREBP)/colamp-AT1G77200-DAP-Seq(GSE60143)/Homer	5.506742	-34921.819166	0	T:18326.0(85.44%),B:2481.3(9.31%),P:1e-15166
0.635	0.018	0.319	0.028
0.009	0.962	0.014	0.015
0.010	0.971	0.009	0.010
0.010	0.005	0.975	0.010
0.911	0.026	0.017	0.046
0.010	0.972	0.006	0.012
0.613	0.055	0.204	0.128
0.347	0.213	0.135	0.305
0.354	0.181	0.150	0.315
0.298	0.162	0.220	0.319
>TGTCGGTGGA	At1g77640(AP2EREBP)/col-At1g77640-DAP-Seq(GSE60143)/Homer	6.689637	-1123.688801	0	T:541.0(78.41%),B:2843.6(6.60%),P:1e-488
0.027	0.028	0.003	0.942
0.001	0.001	0.997	0.001
0.091	0.010	0.119	0.780
0.001	0.997	0.001	0.001
0.001	0.001	0.997	0.001
0.001	0.001	0.997	0.001
0.001	0.011	0.001	0.987
0.001	0.001	0.997	0.001
0.092	0.041	0.813	0.054
0.665	0.128	0.100	0.107
>NNNNCACGTGNNNNN	At1g78700(BZR)/col-At1g78700-DAP-Seq(GSE60143)/Homer	7.245010	-12588.121747	0	T:4664.0(90.62%),B:1733.1(4.80%),P:1e-5466
0.270	0.216	0.224	0.290
0.269	0.240	0.218	0.273
0.192	0.302	0.205	0.301
0.308	0.203	0.315	0.174
0.044	0.884	0.024	0.048
0.941	0.004	0.015	0.040
0.040	0.879	0.008	0.073
0.072	0.011	0.879	0.038
0.025	0.019	0.004	0.952
0.046	0.021	0.893	0.040
0.196	0.296	0.199	0.309
0.314	0.210	0.281	0.195
0.270	0.227	0.242	0.260
0.279	0.236	0.217	0.268
0.251	0.240	0.195	0.314
>AGATKCBNWW	At2g01060(G2like)/colamp-At2g01060-DAP-Seq(GSE60143)/Homer	5.722707	-8251.393845	0	T:10217.0(95.28%),B:13702.7(37.40%),P:1e-3583
0.598	0.001	0.002	0.399
0.001	0.001	0.597	0.401
0.997	0.001	0.001	0.001
0.001	0.001	0.001	0.997
0.201	0.128	0.269	0.401
0.001	0.997	0.001	0.001
0.001	0.331	0.284	0.383
0.310	0.192	0.186	0.312
0.338	0.178	0.147	0.337
0.260	0.148	0.217	0.375
>TCTAGAABSTTC	AT2G01818(PLATZ)/col-AT2G01818-DAP-Seq(GSE60143)/Homer	8.691608	-4933.268926	0	T:1289.0(86.92%),B:620.5(1.40%),P:1e-2142
0.052	0.040	0.030	0.878
0.040	0.808	0.074	0.078
0.033	0.235	0.025	0.707
0.695	0.033	0.268	0.004
0.008	0.008	0.980	0.004
0.938	0.033	0.001	0.028
0.786	0.077	0.086	0.051
0.160	0.231	0.318	0.291
0.188	0.384	0.249	0.178
0.070	0.055	0.040	0.835
0.062	0.027	0.021	0.890
0.016	0.928	0.035	0.021
>WWAGAATATTCT	At2g03500(G2like)/col-At2g03500-DAP-Seq(GSE60143)/Homer	7.462253	-15731.930633	0	T:6696.0(52.60%),B:908.5(2.63%),P:1e-6832
0.424	0.133	0.157	0.285
0.352	0.174	0.201	0.274
0.456	0.126	0.226	0.192
0.001	0.001	0.997	0.001
0.687	0.021	0.131	0.161
0.997	0.001	0.001	0.001
0.001	0.001	0.069	0.929
0.936	0.062	0.001	0.001
0.001	0.001	0.001	0.997
0.269	0.146	0.050	0.535
0.001	0.997	0.001	0.001
0.201	0.251	0.131	0.417
>DHNDWATCGATD	AT2G15740(C2H2)/col-AT2G15740-DAP-Seq(GSE60143)/Homer	4.932316	-1020.447699	0	T:2355.0(72.31%),B:11563.0(33.59%),P:1e-443
0.327	0.141	0.198	0.333
0.244	0.319	0.135	0.302
0.224	0.258	0.310	0.208
0.320	0.104	0.301	0.274
0.398	0.179	0.151	0.271
0.435	0.122	0.158	0.285
0.314	0.089	0.039	0.558
0.001	0.993	0.001	0.005
0.007	0.001	0.991	0.001
0.536	0.047	0.093	0.324
0.252	0.206	0.097	0.445
0.233	0.193	0.226	0.349
>ATTYAAATHY	AT2G20110(CPP)/colamp-AT2G20110-DAP-Seq(GSE60143)/Homer	4.927867	-16206.134322	0	T:22629.0(94.30%),B:9871.7(39.98%),P:1e-7038
0.774	0.009	0.159	0.058
0.005	0.005	0.001	0.989
0.001	0.001	0.001	0.997
0.001	0.482	0.005	0.512
0.757	0.001	0.241	0.001
0.997	0.001	0.001	0.001
0.997	0.001	0.001	0.001
0.105	0.251	0.001	0.643
0.301	0.300	0.101	0.298
0.127	0.444	0.097	0.332
>DNVGAATATTCBNHN	AT2G20400(G2like)/colamp-AT2G20400-DAP-Seq(GSE60143)/Homer	8.271694	-13149.843842	0	T:4151.0(67.90%),B:681.8(1.69%),P:1e-5710
0.337	0.160	0.208	0.296
0.312	0.193	0.224	0.270
0.331	0.248	0.287	0.135
0.001	0.001	0.997	0.001
0.439	0.178	0.183	0.200
0.997	0.001	0.001	0.001
0.001	0.001	0.001	0.997
0.997	0.001	0.001	0.001
0.001	0.001	0.001	0.997
0.197	0.158	0.167	0.477
0.001	0.997	0.001	0.001
0.121	0.293	0.244	0.342
0.272	0.224	0.200	0.304
0.298	0.198	0.165	0.338
0.282	0.193	0.214	0.311
>VAAAAAGTWA	AT2G28810(C2C2dof)/colamp-AT2G28810-DAP-Seq(GSE60143)/Homer	5.706236	-14472.162805	0	T:21565.0(84.27%),B:7482.8(32.86%),P:1e-6285
0.261	0.268	0.327	0.145
0.839	0.048	0.112	0.001
0.831	0.001	0.001	0.167
0.997	0.001	0.001	0.001
0.997	0.001	0.001	0.001
0.860	0.001	0.138	0.001
0.001	0.001	0.997	0.001
0.001	0.126	0.338	0.535
0.421	0.057	0.226	0.297
0.533	0.165	0.225	0.077
>WAGATATTTWTW	AT2G28920(ND)/col-AT2G28920-DAP-Seq(GSE60143)/Homer	7.878145	-3582.631981	0	T:1572.0(84.11%),B:2641.6(6.17%),P:1e-1555
0.352	0.120	0.165	0.363
0.830	0.001	0.051	0.118
0.001	0.001	0.997	0.001
0.997	0.001	0.001	0.001
0.001	0.001	0.001	0.997
0.997	0.001	0.001	0.001
0.001	0.001	0.001	0.997
0.001	0.001	0.001	0.997
0.084	0.001	0.001	0.914
0.419	0.091	0.069	0.421
0.228	0.182	0.200	0.390
